#START7777
#--------------------------------------------------------------------------------------------------
#  WD1    : 1분 평균 풍향 (degree) : 0-N, 90-E, 180-S, 270-W, 360-무풍 
#  WS1    : 1분 평균 풍속 (m/s) 
#  WDS    : 최대 순간 풍향 (degree) 
#  WSS    : 최대 순간 풍속 (m/s) 
#  WD10   : 10분 평균 풍향 (degree) 
#  WS10   : 10분 평균 풍속 (m/s) 
#  TA     : 1분 평균 기온 (C) 
#  RE     : 강수감지 (0-무강수, 0이 아니면-강수) 
#  RN-15m : 15분 누적 강수량 (mm) 
#  RN-60m : 60분 누적 강수량 (mm) 
#  RN-12H : 12시간 누적 강수량 (mm) 
#  RN-DAY : 일 누적 강수량 (mm) 
#  HM     : 1분 평균 상대습도 (%) 
#  PA     : 1분 평균 현지기압 (hPa) 
#  PS     : 1분 평균 해면기압 (hPa) 
#  TD     : 이슬점온도 (C) 
#  *) -50 이하면 관측이 없거나, 에러처리된 것을 표시 
#--------------------------------------------------------------------------------------------------
# YYMMDDHHMI   STN    WD1    WS1    WDS    WSS   WD10   WS10     TA     RE RN-15m RN-60m RN-12H RN-DAY     HM     PA     PS     TD
#        KST    ID    deg    m/s    deg    m/s    deg    m/s      C      1     mm     mm     mm     mm      %    hPa    hPa     C
202604201644    90  265.0    3.2  330.0    5.7  279.7    4.9   20.6    0.0    0.0    0.0    0.1    0.1   46.6 1000.8 1002.8    8.8
202604201644    92  290.0    8.9  310.0   15.9  270.0    8.2   19.7  -99.7    0.0    0.0    0.0    0.0   52.0  995.5 1003.1    9.6
202604201644    93  188.2    4.2  208.3    5.8  183.5    4.2   14.4    0.0    0.0    0.0    2.3    2.3   80.5  997.1 1008.4   11.1
202604201644    95  255.7    1.0  261.7    1.7  265.9    1.5   14.2    0.0    0.0    0.0    0.4    0.4   61.4  990.9 1009.3    6.9
202604201644    96  217.1    5.7  224.6   11.4  220.3    6.7   16.1  -99.2    0.0    0.0    0.0    0.0   91.9  994.5 1006.1   14.8
202604201644    98  244.8    5.1  247.6    7.2  264.0    4.1   14.8    0.0    0.0    0.0    0.5    0.5   37.1  996.0 1009.7    0.3
202604201644    99  332.5    3.4  334.8    5.4  342.1    3.0   14.3    0.0    0.0    0.0    0.0    0.0   44.2 1007.1 1010.7    2.3
202604201644   100  270.7   11.5  258.8   18.4  274.1   10.8   11.8    0.0    0.0    0.0    0.2    0.2   83.5  916.6 1004.4    9.1
202604201644   101  175.2    2.6  197.9    4.1  182.9    3.0   15.0    0.0    0.0    0.0    2.0    2.0   76.0  998.6 1007.6   10.8
202604201644   102  297.9    6.1  312.3   10.6  296.9    6.8    9.8    0.0    0.0    0.0    0.0    0.0   55.5 1008.0 1012.4    1.3
202604201644   104  240.6    7.3  244.1   13.3  240.5    4.7   19.6    0.0    0.0    0.0    0.0    0.0   56.4  994.1 1002.8   10.7
202604201644   105  233.6    5.4  216.7    8.3  250.5    3.7   20.6    0.0    0.0    0.0    0.0    0.0   51.9 1001.3 1004.4   10.4
202604201644   106  209.0    2.4  298.0    3.3  238.9    4.4   21.6    0.0    0.0    0.0    0.0    0.0   47.0 1000.0 1004.7    9.8
202604201644   108  199.2    4.6  220.7    7.1  206.0    4.2   14.1    0.0    0.0    0.0    0.8    0.8   61.0  999.9 1010.1    6.7
202604201644   110  270.0    5.8  290.0    7.5  260.0    6.5   14.1  -99.7    0.0    0.0    0.3    0.3   55.0 1008.6 1010.7    5.2
202604201644   112  274.8    4.9  274.9    5.0  272.1    4.0   12.9    0.0    0.0    0.0    0.0    0.0   48.7 1002.5 1010.7    2.4
202604201644   113  270.0    9.4  280.0   12.1  270.0    8.2   12.0  -99.7    0.0    0.0    0.0    0.0   54.0 1010.8 1011.6    3.0
202604201644   114  217.9    2.8  228.7    3.8  240.5    3.8   13.4    0.0    0.0    0.0    1.3    1.3   81.6  991.7 1009.5   10.3
202604201644   115  230.8   10.0  224.5   13.0  229.1    8.5   16.4    0.0    0.0    0.0    0.0    0.0   87.8  979.6 1005.3   14.4
202604201644   116  249.0    0.4   68.0    2.0  270.0    0.7    8.7    0.0    0.0    0.0    0.0    0.0   68.9  937.0 1010.0    3.3
202604201644   119  251.6    5.0  293.7    8.6  265.0    4.6   11.9    0.0    0.0    0.0    0.3    0.3   60.6 1006.1 1010.9    4.5
202604201644   121  159.3    1.6  211.9    4.0  249.5    2.5   15.2    1.0    0.0    0.1    0.1    0.1   79.4  980.2 1008.3   11.7
202604201644   127  245.9    2.1  242.0    2.8  249.9    2.9   13.3    0.0    0.0    0.1    1.6    1.6   80.0  995.7 1009.3    9.9
202604201644   129  271.6    8.3  274.3    8.8  290.1    6.0   10.7    0.0    0.0    0.0    0.3    0.3   50.0 1009.7 1012.8    0.7
202604201644   130  280.7    3.3  243.9    5.5  246.8    2.9   22.7    0.0    0.0    0.0    0.0    0.0   46.5  999.5 1005.1   10.7
202604201644   131  263.8    1.2  267.3    2.0  277.3    1.7   14.1    0.0    0.0    0.0    0.3    0.3   75.6 1003.5 1010.5    9.9
202604201644   133  309.6    2.6  328.4    4.4  310.5    3.3   13.4    0.0    0.0    0.0    0.2    0.2   76.7 1003.5 1011.6    9.4
202604201644   135  258.4    3.3  264.6    5.3  256.6    2.2   13.8    0.0    0.0    0.4    0.4    0.4   85.8  981.0 1009.8   11.5
202604201644   136  256.2    5.4  233.6    7.8  273.6    4.5   18.3    0.0    0.0    0.0    0.0    0.0   61.4  992.2 1008.6   10.8
202604201644   137  264.9    3.9  256.1    5.5  270.4    3.6   16.6    0.0    0.0    0.0    0.0    0.0   76.4  997.1 1008.4   12.4
202604201644   138  222.4    2.8  233.5    2.8  236.1    2.2   20.6    0.0    0.0    0.0    0.0    0.0   55.7 1006.4 1006.9   11.4
202604201644   140  282.9    5.3  279.2    7.7  279.6    4.8   10.1    0.0    0.0    0.0    0.4    0.4   74.3 1010.9 1014.3    5.7
202604201644   143  308.6    2.9  291.6    6.2  295.9    3.7   21.0    0.0    0.0    0.0    0.0    0.0   53.7 1001.1 1007.4   11.3
202604201644   146  203.4    4.2  215.6    6.3  230.6    4.3    9.9    0.0    0.0    0.0    1.2    1.2   87.2 1006.1 1013.4    7.9
202604201644   151  320.0    3.9  340.0    5.2  310.0    4.2   21.0  -99.7    0.0    0.0    0.0    0.0   68.0 1006.8 1007.8   14.9
202604201644   152  286.1    2.9  303.0    3.0  284.2    2.7   20.1    0.0    0.0    0.0    0.0    0.0   71.4  997.5 1006.9   14.8
202604201644   155  208.0    1.3  238.0    1.8  197.0    1.9   20.7    0.0    0.0    0.0    0.0    0.0   70.2 1004.5 1008.6   15.1
202604201644   156  273.2    2.8  258.9    4.0  249.3    2.3   13.0    0.0    0.0    0.0    0.0    0.0   82.4 1003.5 1011.9   10.1
202604201644   159  259.3    5.6  270.2    6.9  271.5    5.7   19.2  -99.2    0.0    0.0    0.0    0.0   71.3 1000.2 1008.3   13.9
202604201644   160  288.5    0.7  301.4    1.5  271.8    1.3   15.2    0.0    0.0    0.0    0.0    0.0   90.9  949.8 1008.5   13.7
202604201644   162  255.1    3.6  248.8    5.1  256.3    4.1   19.5    0.0    0.0    0.0    0.0    0.0   69.1 1004.9 1008.5   13.7
202604201644   163  340.0    6.0  360.0    8.6  340.0    6.4   11.4  -99.7    0.0    0.0    0.0    0.0   83.0 1013.1 1014.2    8.6
202604201644   165  267.0    7.4  349.5   10.0  321.7    8.6   10.9    0.0    0.0    0.0    0.0    0.0   77.5 1008.4 1013.8    7.1
202604201644   167  320.0    4.3  340.0    5.4  310.0    4.6   19.8  -99.7    0.0    0.0    0.0    0.0   68.0 1009.5 1010.6   13.7
202604201644   168  303.6    8.2  315.1   10.3  298.0    6.8   19.7    0.0    0.0    0.0    0.0    0.0   65.2 1002.3 1010.0   13.0
202604201644   169  335.0   10.1  347.0   12.0  336.7   10.7   11.1    0.0    0.0    0.0    0.0    0.0   82.5 1005.3 1014.4    8.2
202604201644   170  296.0    5.9  331.0    8.4  293.1    5.5   15.5    0.0    0.0    0.0    0.0    0.0   74.3 1007.9 1012.1   11.0
202604201644   172  310.2    4.9  310.4    5.9  307.1    4.7   10.1    0.0    0.0    0.0    0.3    0.3   92.6 1007.5 1013.9    9.0
202604201644   174  312.1    3.2  311.5    5.2  315.2    3.9   15.5    0.0    0.0    0.0    0.3    0.3   79.3  990.3 1009.7   11.9
202604201644   175  332.3    9.3  320.8   11.4  328.5    9.3    8.1    0.0    0.0    0.0    0.0    0.0   99.9  957.1 1013.9    8.1
202604201644   177  249.0    3.7  238.1    5.7  238.2    3.6   12.4    0.0    0.0    0.0    0.1    0.1   49.4 1007.7 1011.0    2.1
202604201644   181  259.5    1.3  245.4    3.1  286.4    2.2   13.2    0.0    0.0    0.0    0.2    0.2   75.4 1007.1 1011.1    8.9
202604201644   182  270.0    2.2  300.0    3.1  290.0    3.9   13.5  -99.7    0.0    0.0    0.0    0.0   91.0 1011.2 1014.2   12.1
202604201644   184  277.8    4.1  276.3    4.9  297.5    3.7   14.0    0.0    0.0    0.6    0.6    0.6   89.9 1011.0 1013.5   12.4
202604201644   185  347.2    9.2  340.1   13.0  336.6   11.4   12.9    0.0    0.0    0.0    0.0    0.0   87.9 1004.8 1013.4   10.9
202604201644   188  187.2    2.5  282.9    6.3  284.8    5.6   18.3    0.0    0.0    0.0    1.2    1.2   76.0 1009.8 1012.2   14.0
202604201644   189   27.0    2.1   61.0    3.7   31.1    2.1   22.1    0.0    0.0    0.0    0.0    0.0   63.0 1005.4 1011.4   14.7
202604201644   192  239.1    2.8  247.6    4.0  240.6    2.3   20.4    0.0    0.0    0.0    0.0    0.0   60.3 1005.7 1009.1   12.5
202604201644   201  250.1    3.6  264.6    5.3  259.4    4.3   13.9    0.0    0.0    0.0    0.1    0.1   34.7 1005.5 1011.2   -1.4
202604201644   202  266.8    2.2  267.3    3.8  255.5    3.3   13.8    0.0    0.0    0.0    0.2    0.2   69.6 1004.0 1009.6    8.3
202604201644   203  198.1    4.9  191.3    5.8  216.1    2.4   13.5    0.0    0.0    0.0    0.1    0.1   76.1 1000.9 1010.4    9.4
202604201644   211  187.7    2.4  199.8    3.6  185.0    3.4   14.7    0.0    0.0    0.0    2.0    2.0   73.0  982.8 1006.5    9.9
202604201644   212  217.2    1.7  216.6    2.9  225.9    1.9   14.9    0.0    0.0    0.0    0.2    0.2   69.1  991.9 1008.4    9.3
202604201644   216  217.0    2.7  287.0    4.7  194.0    2.2   14.6    1.0    0.0    0.0    0.0    0.0   71.0  924.5 1005.3    9.4
202604201644   217  180.7    3.4  190.9    5.0  187.0    3.7   14.9    0.0    0.0    0.2    0.2    0.2   73.7  970.9 1007.2   10.2
202604201644   221  267.9    3.8  275.7    6.0  248.4    4.1   13.2    0.0    0.0    0.4    1.3    1.3   80.9  977.8 1008.9   10.0
202604201644   226  297.9    3.3  281.5    4.6  297.7    2.3   14.0    0.0    0.0    0.2    0.5    0.5   84.1  990.2 1010.4   11.4
202604201644   229  308.3   12.3  302.3   14.3  307.3   11.8    8.2    0.0    0.0    0.0    0.0    0.0   54.1 1000.0 1012.7   -0.5
202604201644   230  282.4    8.5  280.0   11.3  278.7    7.8    9.8    0.0    0.0    0.0    0.0    0.0   62.4 1011.9 1013.4    3.0
202604201644   232  264.5    4.3  261.7    6.1  265.6    2.4   11.7    0.0    0.0    0.0    0.4    0.4   78.7 1001.5 1011.7    8.1
202604201644   235  324.0    1.4   78.0    4.4  326.0    1.1   10.5    0.0    0.0    0.0    0.3    0.3   70.7 1011.8 1013.0    5.4
202604201644   236  282.4    2.9  304.0    3.8  262.0    2.3   12.8    0.0    0.0    0.0    0.0    0.0   57.0 1011.1 1012.7    4.5
202604201644   238  246.3    2.2  258.8    4.2  239.2    1.9   13.5    0.0    0.0    0.0    0.5    0.5   86.7  990.4 1010.5   11.3
202604201644   239   89.0    0.8  107.6    1.5  223.3    1.4   11.9    0.0    0.0    0.0    0.2    0.2   81.7 1000.4 1011.1    8.9
202604201644   243  296.3    3.5  301.2    5.5  300.6    3.5   10.6    0.0    0.0    0.0    0.2    0.2   70.3 1012.8 1014.3    5.4
202604201644   244  340.9    3.1  346.2    4.8  346.1    2.4   11.5    0.0    0.0    0.0    0.0    0.0   84.1  982.8 1012.2    8.9
202604201644   245  316.0    3.5  335.0    4.3  333.9    3.6   10.5    0.0    0.0    0.0    0.3    0.3   80.2 1005.8 1014.1    7.2
202604201644   247  322.4    1.4  320.8    2.4  320.8    1.7   13.4    0.0    0.0    0.0    0.0    0.0   77.2  995.8 1011.7    9.5
202604201644   248    3.0    1.6  346.2    2.5  313.2    2.0   13.2    0.0    0.0    0.0    0.0    0.0   88.5  963.7 1011.2   11.3
202604201644   251  318.1    4.1  326.5    5.6  311.5    3.4   11.1    0.0    0.0    0.0    0.8    0.8   82.8 1006.5 1013.6    8.3
202604201644   252  338.3    3.2  320.6    5.9  337.2    3.3   10.1    0.0    0.0    0.0    0.0    0.0   77.9 1009.9 1014.4    6.4
202604201644   253  256.0    1.9  244.8    2.9  258.1    2.5   20.6    0.0    0.0    0.0    0.0    0.0   68.7 1002.7 1009.0   14.7
202604201644   254  290.5    3.7  304.3    4.9  328.9    3.5   12.8    0.0    0.0    0.0    0.0    0.0   75.6  997.3 1012.7    8.6
202604201644   255  176.6    1.2  175.8    2.3  185.6    1.4   19.4    1.0    0.0    0.0    0.0    0.0   79.7 1002.4 1008.3   15.8
202604201644   257  206.7    3.6  203.2    4.7  208.8    3.3   20.6    0.0    0.0    0.0    0.0    0.0   74.0 1006.7 1007.4   15.8
202604201644   258  295.1    4.9  300.5    7.5  298.2    4.5   17.1    0.0    0.0    0.0    0.0    0.0   80.8 1011.4 1011.6   13.8
202604201644   259  286.1    4.0  267.3    5.2  281.5    3.4   14.5    0.0    0.0    0.0    0.0    0.0   77.4 1010.6 1012.5   10.6
202604201644   260   17.6    3.2   48.5    4.2   49.6    3.3   15.0    0.0    0.0    0.0    0.0    0.0   85.4 1006.8 1012.0   12.6
202604201644   261  289.1    5.1  294.6    6.8  295.1    4.9   12.2    0.0    0.0    0.0    0.0    0.0   87.3 1012.1 1014.1   10.2
202604201644   262  313.0    3.4    4.0    6.2   51.1    1.8   17.7    0.0    0.0    0.0    0.0    0.0   76.3 1005.0 1011.1   13.5
202604201644   263  -99.9  -99.9  -99.9  -99.9  -99.9  -99.9  -99.9  -99.9  -99.9  -99.9  -99.9  -99.2  -99.9  -99.9  -99.9  -99.9
202604201644   264  312.9    4.7  338.1    6.2  329.7    3.8   16.2    1.0  -99.9  -99.9  -99.9  -99.2   72.2  993.0 1010.8   11.2
202604201644   266  272.1    2.7  273.5    5.5  267.5    4.0   19.5    0.0    0.0    0.0    0.0    0.0   73.0 1000.1 1010.4   14.5
202604201644   268  314.0    3.4  326.2    5.2  319.3    4.1   12.0    0.0    0.0    0.0    0.0    0.0   79.9 1011.9 1013.1    8.6
202604201644   269   62.9    1.9   27.1    4.0   48.3    1.8    9.9    0.0    0.0    0.0    0.3    0.3   84.7 1011.4 1014.8    7.4
202604201644   271  304.9    4.3  320.8    7.4  287.6    2.4   17.9    0.0    0.0    0.0    0.0    0.0   61.7  969.3 1006.6   10.4
202604201644   272  260.0    1.0  284.2    1.7  275.0    2.5   16.1    0.0    0.0    0.0    0.0    0.0   80.0  983.0 1007.6   12.7
202604201644   273  299.0    3.4  287.1    4.8  301.1    3.9   16.6    0.0    0.0    0.0    0.0    0.0   75.7  987.7 1007.9   12.3
202604201644   276  297.6    5.8  289.8    8.1  292.1    5.3   18.7    0.0    0.0    0.0    0.0    0.0   63.6  982.8 1006.9   11.7
202604201644   277  300.6    5.5  284.2    7.6  293.0    5.4   21.5    0.0    0.0    0.0    0.0    0.0   52.1 1001.6 1006.3   11.3
202604201644   278  305.6    1.8  304.0    2.2  296.4    1.9   19.2    0.0    0.0    0.0    0.0    0.0   64.7  997.8 1007.3   12.4
202604201644   279  289.7    2.9  318.6    5.3  297.0    3.5   18.2    0.0    0.0    0.0    0.0    0.0   67.0 1003.2 1009.0   12.0
202604201644   281  295.4    2.1  306.7    2.8  295.5    2.0   19.6    0.0    0.0    0.0    0.0    0.0   63.2  996.8 1007.9   12.4
202604201644   283  285.6    2.8  271.8    3.8  288.5    2.8   20.3    0.0    0.0    0.0    0.0    0.0   63.7 1002.9 1007.6   13.2
202604201644   284  307.5    6.1  317.9    7.6  315.1    4.4   18.0    0.0    0.0    0.0    0.0    0.0   70.9  982.2 1008.6   12.6
202604201644   285  231.8    1.3  247.6    2.8  230.2    1.1   20.4    0.0    0.0    0.0    0.0    0.0   63.9 1006.0 1009.1   13.3
202604201644   288  260.6    2.9  236.5    3.8  260.0    3.1   21.5    0.0    0.0    0.0    0.0    0.0   62.1 1005.5 1006.5   13.9
202604201644   289  298.2    2.2  332.1    5.1  312.0    3.2   17.9    0.0    0.0    0.0    0.0    0.0   72.6  994.6 1010.7   12.9
202604201644   294  274.8    1.3  278.6    2.5  229.6    2.3   19.8    0.0    0.0    0.0    0.0    0.0   69.9 1004.3 1009.5   14.2
202604201644   295  339.9    1.2  329.1    2.1  317.8    2.5   19.9    0.0    0.0    0.0    0.0    0.0   65.4 1004.6 1009.9   13.2
202604201644   296  207.0    2.7  196.7    4.1  202.9    3.5   20.3    0.0    0.0    0.0    0.0    0.0   78.9 1007.4 1007.7   16.5
202604201644   300  340.0    9.9  344.2   11.6  339.6   10.0    9.8    0.0    0.0    0.0    0.5    0.5   75.2 1008.5 1013.9    5.6
202604201644   301  333.0    3.4  325.0    6.1  331.7    3.1   10.6    0.0    0.0    0.0    0.0    0.0   80.4 1013.0 1014.1    7.4
202604201644   302    7.0    4.4   18.0    5.9    2.3    5.0   12.0    0.0    0.0    0.0    0.0    0.0   80.8 1013.6 1014.3    8.8
202604201644   303  312.2   12.4  316.4   15.6  310.4   13.2   10.4    0.0    0.0    0.0    0.0    0.0   87.9 1001.2 1014.0    8.5
202604201644   304  353.0    6.0  356.0    7.3  354.3    6.8   15.4    0.0  -99.9  -99.9  -99.9  -99.2   79.6 1009.3 1012.3   11.9
202604201644   305   70.2    3.0   70.2    3.7   70.2    3.8   15.1    0.0    0.0    0.0    0.0    0.0   90.7 1009.0 1013.2   13.6
202604201644   306  192.6    1.8  218.7    3.5  255.0    4.2   19.1    0.0    0.0    0.0    0.0    0.0   71.0 1009.1 1009.5   13.7
202604201644   308  333.7    9.7  335.2   10.1  340.5    8.4   11.3    0.0  -99.9  -99.9  -99.9  -99.2   90.9 1012.0 1013.0    9.9
202604201644   309  302.4    2.8  289.1    4.1  284.2    3.2   14.6    0.0    0.0    0.0    0.0    0.0   27.1 1007.3 1010.3   -4.1
202604201644   310  147.5    2.3   95.0    2.9  129.0    3.0   21.7    0.0    0.0    0.0    0.0    0.0   50.0 1001.7 1003.3   10.8
202604201644   311  102.0    1.1  224.0    1.8  199.4    0.7   15.8    0.0    0.0    0.0    0.0    0.0   71.5  941.0 1010.0   10.7
202604201644   312  200.1    2.5  195.3    3.5  210.6    1.6   18.7    0.0    0.0    0.0    0.0    0.0   60.4  976.8 1006.9   10.9
202604201644   313  255.0    4.5  289.0    7.1  242.6    2.0   20.1    0.0    0.0    0.0    0.0    0.0   66.2 1000.2 1008.3   13.6
202604201644   314  264.6    7.6  272.9   11.2  264.3    6.6    6.0    1.0    0.0    1.0    1.5    1.5   99.6  841.5 1009.6    5.9
202604201644   315  334.0    1.6   79.0    2.8  348.5    1.7    9.5    1.0    0.5    0.5    2.5    2.5   98.3  888.3 1011.2    9.2
202604201644   316  323.0    3.8  330.0    7.3  319.1    3.3    7.8    0.0    0.0    0.0    4.5    4.5  100.0  907.9 1012.9    7.8
202604201644   317   86.5    1.3  120.1    1.7  112.3    1.2   10.4    0.0    0.0    0.0    0.5    0.5   85.8  999.9 1012.7    8.1
202604201644   318  242.8    3.0  239.9    6.8  212.3    2.8   11.0    0.0    0.0    0.0    0.0    0.0   85.6  908.9 1005.6    8.7
202604201644   319  163.6    7.3  143.7   11.7  178.5    6.0   19.5    0.0    0.0    0.0    0.0    0.0   64.5  997.5 1004.2   12.6
202604201644   320  276.6    9.7  238.6   16.2  279.6    9.5    6.4    0.0    0.0    0.0    0.0    0.0   98.5  862.1 1003.7    6.2
202604201644   321  223.7    3.2  210.1    4.4  249.0    2.7   14.6    0.0    0.0    0.0    2.0    2.0   78.5  976.8 1006.4   10.9
202604201644   322   32.3    4.4   35.5    5.5  323.8    3.5   12.4    0.0    0.0    0.0    0.0    0.0   75.2  982.0 1008.4    8.1
202604201644   323  272.8    8.3  281.0   10.0  274.9    7.0   12.9    0.0    0.0    0.0    0.5    0.5   53.1  976.2 1008.7    3.6
202604201644   324  331.5    2.7  321.8    4.9  316.9    1.9   14.0    1.0    0.0    0.0    1.5    1.5   88.4  991.3 1009.7   12.1
202604201644   325  261.0    3.9  307.0    6.3  250.8    3.4   12.9    0.0    0.0    0.5    2.0    2.0   78.0  982.6 1009.9    9.2
202604201644   326  114.2    2.2  121.8    3.1  120.3    1.5   13.3    0.0    0.0    0.0    0.0    0.0   77.5  985.6 1008.2    9.5
202604201644   327  313.2    1.4  334.5    2.0  303.7    1.6   13.7    1.0    0.0    0.0    0.0    0.0   80.8  998.5 1010.0   10.5
202604201644   328  333.7    6.2  322.8    8.4  331.0    5.9   19.1    0.0    0.0    0.0    0.0    0.0   69.8 1004.7 1011.8   13.5
202604201644   329  289.8    2.6  277.9    3.5  265.6    2.8   12.2    0.0    0.0    0.5    1.5    1.5   98.5  969.2 1013.5   12.0
202604201644   330  296.8    4.3  306.7    5.8  283.1    3.9   13.3    0.0    0.0    0.5    1.0    1.0   98.6  996.4 1013.6   13.1
202604201644   331  312.6    6.6  348.0    9.6  307.9    6.4   15.7    0.0    0.0    0.0    0.0    0.0   89.7  960.6 1010.3   14.0
202604201644   332  203.9    6.6  193.0    9.9  205.5    4.3   21.5    0.0    0.0    0.0    0.0    0.0   47.9  998.1 1003.8   10.0
202604201644   333  236.0    3.4  232.9    5.3  220.5    3.6   21.6    0.0    0.0    0.0    0.0    0.0   47.6 1001.3 1003.1   10.0
202604201644   334  140.1    2.5  254.2    4.5  234.6    3.3   21.4    0.0    0.0    0.0    0.0    0.0   44.2  998.8 1001.6    8.7
202604201644   335  267.5    4.2  268.6    6.8  265.7    4.1   12.0    0.0    0.0    0.0    2.0    2.0   86.5  961.7 1009.2    9.8
202604201644   336  215.8    5.4  211.7    8.5  215.0    5.2   14.0    0.0    0.0    0.0    0.0    0.0   85.4  983.9 1008.7   11.6
202604201644   337  258.8    3.4  277.0    5.6  254.5    2.7   13.2    0.0    0.0    0.0    1.0    1.0   86.2  985.5 1009.4   10.9
202604201644   338  179.5    2.1  197.8    4.1  193.3    2.4   11.6    0.0    0.0    0.0    2.0    2.0  100.0  952.9 1009.6   11.6
202604201644   339  231.6    0.9  278.1    2.0  239.9    1.6   13.2    0.0    0.0    0.0    0.5    0.5   89.1  979.6 1009.2   11.4
202604201644   340  236.0    2.1  239.2    3.2  210.7    1.6   14.6    0.0    0.0    0.0    0.0    0.0   90.4  993.1 1009.3   13.0
202604201644   341  269.7    3.9  260.7    5.1  254.6    3.6    9.7    0.0    0.0    0.0    2.0    2.0   87.1 1009.8 1013.8    7.7
202604201644   342  318.0    3.1  324.4    4.0  330.3    2.4   11.7    0.0    0.0    0.0    0.0    0.0   82.4 1007.2 1013.1    8.8
202604201644   343  244.5    2.9  246.0    3.9  281.8    2.0   15.3    0.0    0.0    0.0    0.0    0.0   45.3  999.9 1009.9    3.5
202604201644   344  224.0    1.3  277.0    2.5  246.4    3.1   13.6    1.0    0.0    0.5    1.5    1.5   84.6  996.5 1010.3   11.1
202604201644   345  234.3    4.6  232.3    6.9  235.3    4.6   13.8    0.0    0.0    0.0    0.5    0.5   82.3  994.9 1007.8   10.8
202604201644   346  293.7   10.3  295.7   12.9  301.4    9.3   20.8    0.0    0.0    0.0    0.0    0.0   52.9  996.4 1002.5   10.9
202604201644   347  243.1    0.8  262.3    1.5  260.8    1.1   12.4    0.0    0.0    0.0    0.5    0.5   81.3  992.4 1010.5    9.3
202604201644   348  261.6    4.5  269.4    9.0  242.9    4.1   21.2    0.0    0.0    0.0    0.0    0.0   51.6 1002.3 1003.0   10.8
202604201644   349  253.6    3.3  263.7    4.4  266.1    3.0   13.5    0.0    0.0    0.0    0.0    0.0   77.7  974.8 1007.0    9.7
202604201644   350  185.1    3.8  160.3    6.5  230.2    3.1   12.6    1.0    0.0    0.0    0.5    0.5   71.9  935.1 1004.7    7.7
202604201644   351  254.0  -99.6  -99.2  -99.2  -99.9  -99.9   14.1    0.0    0.0    0.0    0.0    0.0  -99.7  -99.7  -99.9  -99.9
202604201644   352  290.0  -99.6  -99.2  -99.2  248.1    2.2   14.3  -99.2    0.0    0.0    0.0    0.0  -99.2  -99.7  -99.9  -99.9
202604201644   355  251.7    3.3  274.5    9.3  250.2    3.6   11.2    0.0    0.0    0.0    0.5    0.5   76.3  500.0  -99.9    7.2
202604201644   356  255.9    5.5  257.6   12.6  243.8    4.9   10.6  -99.2    0.0    0.0    0.0    0.0   71.7  500.2  -99.9    5.7
202604201644   358  283.3    3.8  287.5   10.5  280.9    4.6   10.8    0.0    0.0    0.0    0.5    0.5   71.4  500.0  -99.9    5.8
202604201644   359  -99.9  -99.9  -99.9  -99.9  -99.9  -99.9  -99.9  -99.9  -99.9  -99.9  -99.9  -99.2  -99.9  -99.9  -99.9  -99.9
202604201644   360  243.2    0.7  223.2    8.6  242.6    1.9   13.5    0.0    0.0    0.0    3.0    3.0   70.2  500.0  -99.9    8.2
202604201644   361  306.5    3.0  292.1    9.4  294.4    2.8   14.5    0.0    0.0    0.0    0.0    0.0   67.6  500.0  -99.9    8.6
202604201644   363  252.4    3.4  225.0    4.6  232.6    3.8   17.5    0.0    0.0    0.0    0.0    0.0   62.3  990.6 1006.8   10.2
202604201644   364  304.0    1.8  153.6    8.7  268.3    2.4   13.3    0.0    0.0    0.0    0.5    0.5   57.3  500.0  -99.9    5.0
202604201644   365  317.8  -99.2  317.8  -99.2  -99.9  -99.9   12.5  -99.2    0.0    0.0    0.0    0.0  -99.2  -99.7  -99.9  -99.9
202604201644   366  137.8    0.7  283.1    8.1  256.8    2.4   12.4    0.0    0.0    0.0    0.0    0.0   66.6  500.0  -99.9    6.4
202604201644   367  237.5    5.1  231.2   13.7  238.6    5.2   13.0    0.0    0.0    0.0    0.0    0.0   52.8  500.0  -99.9    3.6
202604201644   368  281.3    1.9  -99.2  -99.2  268.1    3.2   13.6  -99.2    0.0    0.0    0.0    0.0   63.8  -99.7  -99.9    6.9
202604201644   369  281.9    1.0  247.4    8.8  201.5    2.4   12.7    0.0    0.0    0.0    0.5    0.5   61.8  500.0  -99.9    5.6
202604201644   370  270.6    3.5  234.8    8.8  239.3    3.8   10.2    0.0  -99.9  -99.9  -99.9  -99.2   89.1  500.0  -99.9    8.5
202604201644   371  309.7    1.6  287.9    8.1  285.7    2.3   11.3    0.0    0.0    0.0    0.5    0.5   66.8  500.0  -99.9    5.4
202604201644   372  295.0    3.5    0.0    5.1  288.6    3.4   16.6  -99.2    0.0    0.0    0.0    0.0   42.7  -99.7  -99.9    3.9
202604201644   373  -99.9  -99.9  -99.9  -99.9  -99.9  -99.9  -99.9  -99.2  -99.9  -99.9  -99.9  -99.9  -99.9  -99.9  -99.9  -99.9
202604201644   374  255.5    8.3  261.9   13.1  274.7    5.5   10.1  -99.2    0.0    0.0    0.5    0.5   71.6  500.0  -99.9    5.2
202604201644   375  225.0    0.5  270.0    2.4  255.1    1.0   15.2  -99.2    0.0    0.0    1.0    1.0   56.8  -99.7  -99.9    6.7
202604201644   376  285.8    3.0  257.6    4.2  272.9    3.0   12.4    0.0    0.0    0.0    0.0    0.0   52.6 1002.6 1010.8    3.0
202604201644   377  280.5    1.8  291.2    2.7  258.2    3.3   12.6    0.0    0.0    0.0    0.0    0.0   47.8 1007.2 1010.6    1.8
202604201644   378  230.0    5.8  253.0    7.4  217.8    6.6   12.5    1.0    0.0    0.5    0.5    0.5   88.0 1003.3 1011.8   10.6
202604201644   379  305.2    2.0  310.0    2.8   36.8    3.2   12.7    0.0    0.0    0.0    0.0    0.0   90.4  976.7 1011.1   11.2
202604201644   400  262.5    3.2  268.5    4.3  231.1    2.8   14.0    0.0    0.0    0.0    0.0    0.0   62.9 1009.1 1010.6    7.0
202604201644   401  264.3    2.6  324.4    4.0  286.1    1.9   14.4    0.0    0.0    0.0    0.0    0.0   53.1 1005.3 1009.2    5.0
202604201644   402  265.6    1.9  263.8    3.1  255.8    2.3   13.5    0.0    0.0    0.0    0.5    0.5   62.7 1002.8 1009.4    6.5
202604201644   403  225.0    2.7  224.0    4.2  230.8    3.2   14.2    0.0    0.0    0.0    0.5    0.5   56.1 1003.9 1010.3    5.6
202604201644   404  -99.9  -99.9  -99.9  -99.9  -99.9  -99.9  -99.9  -99.9  -99.9  -99.9  -99.9  -99.9  -99.9  -99.9  -99.9  -99.9
202604201644   405  223.6    1.1  204.6    1.8  212.6    2.2   13.6    0.0    0.0    0.0    0.0    0.0   53.0 1007.2 1009.9    4.2
202604201644   406  245.0    0.9  215.0    1.7  275.9    1.2   14.2    0.0    0.0    0.0    1.5    1.5   66.0 1003.3 1010.0    7.9
202604201644   407  199.0    1.1  195.0    2.1  214.1    1.6   14.2    0.0    0.0    0.0    0.5    0.5   65.3 1007.2 1010.2    7.8
202604201644   408  255.0    3.8  258.0    5.4  241.2    2.9   13.9    0.0    0.0    0.0    0.5    0.5   60.6 1004.4 1010.8    6.4
202604201644   409  216.1    3.5  219.6    5.3  226.4    3.6   13.7    0.0    0.0    0.0    0.5    0.5   61.0 1004.6 1009.3    6.3
202604201644   410  261.3    3.9  270.2    6.6  265.2    2.9   12.3    0.0    0.0    0.0    0.0    0.0   52.0 1005.4 1010.4    2.7
202604201644   411  277.7    4.9  276.8    6.9  284.8    3.8   13.2    0.0    0.0    0.0    0.5    0.5   62.2  997.5 1009.5    6.1
202604201644   412  284.8    2.3  266.9    4.3  281.9    2.0   12.9    0.0    0.0    0.0    0.5    0.5   62.9  998.1 1010.4    6.0
202604201644   413  305.0    2.4  329.0    4.5  274.3    2.2   15.1    0.0    0.0    0.0    0.5    0.5   58.8 1006.7 1010.3    7.1
202604201644   414  197.8    1.9  191.8    2.7  199.3    2.7   12.9    0.0    0.0    0.0    1.0    1.0   64.9  994.1 1009.4    6.5
202604201644   415  192.2    3.8  123.9    8.3  183.9    3.9   14.3    0.0    0.0    0.0    0.0    0.0   53.7 1006.4 1010.2    5.0
202604201644   416  256.5    2.1  284.8    2.8  266.3    1.9   14.1    0.0    0.0    0.0    2.0    2.0   59.8 1002.4 1008.9    6.4
202604201644   417  -99.9  -99.9  -99.9  -99.9  -99.9  -99.9  -99.9  -99.9  -99.9  -99.9  -99.9  -99.9  -99.9  -99.9  -99.9  -99.9
202604201644   418  213.8    3.0  245.3    4.9  234.9    4.5   13.9    0.0    0.0    0.0    0.0    0.0   58.9 1009.0 1010.3    6.0
202604201644   419  214.7    1.6  252.7    3.5  208.2    1.7   13.2    0.0    0.0    0.0    0.0    0.0   62.6  978.4 1009.8    6.2
202604201644   421  259.4    3.2  223.4    4.4  261.0    3.7   13.7    0.0    0.0    0.0    0.0    0.0   58.7 1005.6 1009.7    5.8
202604201644   423  254.0    4.2  292.0    6.5  271.5    3.0   14.0    0.0    0.0    0.0    0.0    0.0   49.4 1004.2 1010.9    3.6
202604201644   424  256.6    0.6  217.2    1.7  282.9    1.3   13.0    0.0    0.0    0.0    2.0    2.0   69.0 1001.4 1009.7    7.4
202604201644   425  311.1    1.2  262.6    2.3  241.3    2.1   12.7    0.0    0.0    0.0    0.0    0.0   58.2  997.1 1010.6    4.7
202604201644   426  294.3   10.3  289.3   12.4  294.1   10.6    9.4    0.0    0.0    0.0    0.0    0.0   59.6  995.0 1012.8    1.9
202604201644   427  278.3    4.9  272.9    6.3  274.4    4.8   15.2    0.0    0.0    0.0    0.0    0.0   42.7 1009.0 1010.1    2.6
202604201644   428  218.1    1.8  227.1    2.6  212.3    1.1   13.3    0.0    0.0    0.0    0.0    0.0   72.6 1006.4 1009.2    8.5
202604201644   430  268.4    2.6  318.3    9.6  280.6    4.0   10.8    0.0    0.0    0.0    0.0    0.0   72.9  500.0  -99.9    6.1
202604201644   431  305.6    1.9  338.4    2.6  316.9    2.0   13.9  -99.2    0.0    0.0    2.0    2.0   60.1  -99.7  -99.9    6.3
202604201644   432  268.4    8.3  295.9   10.5  285.5    5.7   10.7    0.0    0.0    0.0    1.0    1.0   74.0  500.0  -99.9    6.3
202604201644   433  269.1    2.7  239.7    4.4  262.0    2.1   13.9  -99.2    0.0    0.0    0.0    0.0   46.0  -99.7  -99.9    2.5
202604201644   434  314.9    5.9  318.7    9.5  280.8    6.3   12.6  -99.2    0.0    0.0    0.5    0.5  -99.2  -99.7  -99.9  -99.9
202604201644   435  300.1    7.1  304.6    9.5  292.2    7.8   11.0  -99.2    0.0    0.0    0.0    0.0  -99.2  -99.7  -99.9  -99.9
202604201644   436  284.3    1.1  276.4    1.7  298.9    1.4   11.9    0.0    0.0    0.0    0.0    0.0   76.8  -99.7  -99.9    8.0
202604201644   437  314.5    1.9  318.7    3.1  295.4    2.4   13.7  -99.2    0.0    0.0    0.0    0.0   49.6  -99.7  -99.9    3.4
202604201644   438  255.2    5.1  245.3    7.8  273.3    4.5   12.7  -99.2    0.0    0.0    0.0    0.0   55.3  -99.7  -99.9    4.0
202604201644   439  273.0    2.6  270.7    3.5  259.6    2.4   12.4    0.0    0.0    0.0    0.5    0.5   73.0  -99.7  -99.9    7.7
202604201644   440  267.1    3.5  309.3   10.7  299.2    4.1   11.9  -99.2    0.0    0.0    0.0    0.0  -99.2  500.0  -99.9  -99.9
202604201644   441  306.8    2.1  -99.2  -99.2  244.0    2.4   14.2    0.0    0.0    0.0    0.0    0.0   54.2  500.0  -99.9    5.1
202604201644   442  258.4    3.1  251.4    6.8  238.5    2.6   13.2  -99.2    0.0    0.0    0.0    0.0   69.9  500.0  -99.9    7.8
202604201644   443  347.3    3.5   14.1    7.3  342.6    2.7    9.6  -99.2    0.0    0.0    0.5    0.5   81.8  -99.7  -99.9    6.6
202604201644   444   64.1    1.1  214.5    4.3   82.5    1.1   13.6    0.0    0.0    0.0    0.0    0.0   68.8  500.0  -99.9    8.0
202604201644   445  322.6    4.7  263.5    9.0  289.7    3.7   12.1    0.0    0.0    0.0    0.0    0.0   72.8  500.0  -99.9    7.4
202604201644   446  268.4    4.1  325.2    8.2  268.0    2.8   11.7    0.0    0.0    0.0    0.5    0.5   82.1  500.0  -99.9    8.7
202604201644   447  110.0    0.8  137.1    8.9  123.6    0.9   12.5    0.0    0.0    0.0    0.0    0.0   83.0  500.0  -99.9    9.7
202604201644   448  -99.2    2.5  -99.2    9.8  -99.9    3.4   12.5    0.0    0.0    0.0    0.0    0.0   73.8  500.0  -99.9    8.0
202604201644   449  246.0    2.5  245.3    4.4  249.7    2.8   14.5  -99.2    0.0    0.0    0.0    0.0   72.2  -99.7  -99.9    9.6
202604201644   450  317.1    4.7  315.8    6.4  305.5    4.7   14.4    0.0    0.0    0.0    1.0    1.0   58.7  -99.7  -99.9    6.4
202604201644   451  311.0    1.5  296.1    2.8  235.0    1.2   13.8  -99.2    0.0    0.0    1.0    1.0   68.5  -99.7  -99.9    8.1
202604201644   452  102.5    3.7   98.7    5.1  100.5    3.0   15.3  -99.2    0.0    0.0    1.0    1.0   57.6  -99.7  -99.9    7.0
202604201644   453  270.1    2.6  298.9    3.7  271.2    3.2   13.7    0.0    0.0    0.0    0.0    0.0  -99.2  -99.7  -99.9  -99.9
202604201644   454  182.8    4.2  -99.2  -99.2  207.4    5.3   15.0  -99.2    0.0    0.0    0.0    0.0  -99.2  -99.7  -99.9  -99.9
202604201644   455  280.4    3.8  307.4    6.8  273.3    4.1   14.3    0.0    0.0    0.0    5.0    5.0   69.0  -99.7  -99.9    8.7
202604201644   456  310.2    3.5  310.2    5.6  275.2    2.4   15.4    0.0    0.0    0.0    0.0    0.0   36.7  -99.7  -99.9    0.7
202604201644   457  130.4    1.2  174.8    2.1  103.2    2.2   14.1  -99.2    0.0    0.0    0.0    0.0   68.9  -99.7  -99.9    8.5
202604201644   458  288.0    0.9  259.4    1.6  252.4    1.0   13.8    0.0    0.0    0.0    0.5    0.5   69.5  -99.7  -99.9    8.3
202604201644   459  305.5    4.0  324.3    6.4  301.4    4.2   12.9    0.0    0.0    0.0    0.0    0.0  -99.2  -99.7  -99.9  -99.9
202604201644   460  312.5  -99.2  291.0   10.4  -99.9  -99.9   12.0    0.0    0.0    0.0    0.0    0.0   74.1  500.8  -99.9    7.5
202604201644   461  235.8    2.5  236.9    3.9  294.4    2.9   12.2    0.0    0.0    0.0    0.5    0.5   74.9  -99.7  -99.9    7.9
202604201644   462  265.3    2.7  262.3    3.8  238.3    2.6   12.2  -99.2    0.0    0.0    0.5    0.5   76.1  -99.7  -99.9    8.1
202604201644   463  100.5    4.6  174.3    9.1  111.9    2.1   13.0    0.0    0.0    0.0    0.0    0.0   77.3  500.0  -99.9    9.1
202604201644   464   52.7    2.2   88.2    8.3   66.9    2.8   12.5    0.0    0.0    0.0    0.0    0.0   84.6  500.0  -99.9   10.0
202604201644   465  182.1    0.0  198.2   10.4  183.6    0.9   13.0    0.0    0.0    0.0    0.5    0.5   80.3  500.0  -99.9    9.7
202604201644   466  242.5    2.8  256.6   10.3  244.8    2.6   15.4    0.0    0.0    0.0    0.0    0.0   74.8  500.0  -99.9   11.0
202604201644   467   30.3    3.6  344.0    5.4   15.3    3.7   10.4  -99.2    0.0    0.0    0.0    0.0  -99.2  -99.7  -99.9  -99.9
202604201644   468  231.5    2.1  310.2    3.1  238.7    1.7   11.2    0.0    0.0    0.0    0.5    0.5   88.6  -99.7  -99.9    9.4
202604201644   469  190.5    2.6  155.1    3.9  129.5    1.8   10.8  -99.2    0.0    0.0    0.0    0.0  -99.2  -99.7  -99.9  -99.9
202604201644   470  -99.9  -99.9  -99.2  -99.2  -99.9  -99.9  -99.2  -99.2  -99.9  -99.9  -99.9  -99.2  -99.9  -99.9  -99.9  -99.9
202604201644   471  200.0    4.9  194.6    6.7  187.4    4.7   11.1    0.0    0.0    0.0    0.0    0.0  -99.2  -99.7  -99.9  -99.9
202604201644   472  295.0    9.5  282.0   12.4  286.3    6.6   10.9    0.0    0.0    0.0    0.0    0.0   68.6  -99.7  -99.9    5.4
202604201644   473  349.8    2.2    8.5    3.2    0.2    3.6   14.3  -99.2    0.0    0.0    1.0    1.0   55.7  -99.7  -99.9    5.6
202604201644   474  210.2    5.2  222.8    6.8  239.2    2.5   14.9    0.0    0.0    0.0    0.0    0.0  -99.2  -99.7  -99.9  -99.9
202604201644   475  315.5    1.4  195.5    8.8  283.8    3.4   14.1  -99.2    0.0    0.0    0.0    0.0   46.4  500.0  -99.9    2.8
202604201644   476  213.7    2.0  234.1    3.6  209.5    1.7   13.7    0.0    0.0    0.0    2.0    2.0   71.5  -99.7  -99.9    8.6
202604201644   477  -99.2  -99.2  -99.2  -99.2  -99.9  -99.9  -99.2  -99.2    0.0    0.0    0.0    0.0  -99.2  -99.7  -99.9  -99.9
202604201644   478  290.4    4.6  284.8    5.7  274.9    2.8   15.4    0.0    0.0    0.0    0.0    0.0  -99.2  -99.7  -99.9  -99.9
202604201644   479  283.2    5.3  310.2    7.3  262.0    5.0   15.3  -99.2    0.0    0.0    0.0    0.0  -99.2  -99.7  -99.9  -99.9
202604201644   480  264.5    4.0  267.9    5.7  243.5    4.3   15.9  -99.2    0.0    0.0    0.0    0.0   35.8  -99.7  -99.9    0.8
202604201644   481   79.3    1.0  307.4    2.6  228.8    2.4   15.3    0.0    0.0    0.0    0.0    0.0  -99.2  -99.7  -99.9  -99.9
202604201644   482  357.0    2.1   11.3    3.7  311.1    2.3   15.5  -99.2    0.0    0.0    0.0    0.0   42.0  -99.7  -99.9    2.6
202604201644   483  269.2    2.2  282.0    4.2  283.7    2.4   15.6  -99.2    0.0    0.0    0.0    0.0  -99.2  -99.7  -99.9  -99.9
202604201644   484  258.3    2.9  248.2    4.1  252.7    3.4   12.7  -99.2    0.0    0.0    0.5    0.5   78.0  -99.7  -99.9    9.0
202604201644   485   67.4    5.8   81.8    7.3   41.7    3.2   13.9    0.0    0.0    0.0    0.5    0.5  -99.2  -99.7  -99.9  -99.9
202604201644   486  247.2    4.3  259.4    5.9  253.6    4.7   13.4    0.0    0.0    0.0    1.0    1.0  -99.2  -99.7  -99.9  -99.9
202604201644   487   11.1    1.6  355.3    3.6  334.2    2.2   14.8  -99.2    0.0    0.0    0.0    0.0  -99.2  -99.7  -99.9  -99.9
202604201644   488  204.2    3.3  199.7    8.9  249.2    3.3   11.9    0.0    0.0    0.0    0.0    0.0   64.7  500.0  -99.9    5.5
202604201644   489  305.3    2.9  310.2    4.6  286.4    3.3   11.3  -99.2    0.0    0.0    0.0    0.0   60.7  -99.7  -99.9    4.0
202604201644   491  358.2    3.5  358.5    9.3  349.2    4.1   15.5  -99.2    0.0    0.0    0.0    0.0   43.2  500.0  -99.9    3.0
202604201644   492  277.0    8.0  288.2   10.9  258.4    5.1   12.2  -99.2    0.0    0.0    0.0    0.0   52.9  500.0  -99.9    2.9
202604201644   493  274.9    5.2  264.7    7.9  253.1    3.9   12.1    0.0    0.0    0.0    0.0    0.0   66.0 1007.3 1011.5    5.9
202604201644   494  169.0    1.9  195.5    2.8  164.0    1.7   12.3    0.0    0.0    0.0    0.0    0.0   89.7  998.4 1011.1   10.7
202604201644   495  262.8    5.8  261.4    8.8  262.3    5.0   11.2    0.0    0.0    0.0    0.5    0.5   81.1 1009.7 1011.3    8.1
202604201644   496  221.4    2.6  245.6    3.5  234.7    2.8   12.5    0.0    0.0    0.0    0.0    0.0   80.2 1007.7 1011.0    9.2
202604201644   497  164.8    4.3  177.8    7.3  187.3    3.7   14.6    0.0    0.0    0.0    0.0    0.0   66.6  929.2 1004.0    8.5
202604201644   498  159.0    4.5  204.0    6.9  151.4    3.7    9.0    0.0    0.0    0.0    1.0    1.0   96.5  891.2 1006.5    8.5
202604201644   500  275.1    6.8  289.9    9.3  279.5    6.7   14.6    0.0    0.0    0.0    0.0    0.0   28.5 1004.6 1010.3   -3.5
202604201644   501  310.0    5.6  127.0    8.4  303.5    5.2   11.9    0.0    0.0    0.0    0.0    0.0   30.6 1011.7 1012.6   -4.9
202604201644   502  247.6    5.8  254.7    9.7  254.9    6.5   14.2    0.0    0.0    0.0    0.0    0.0   28.8 1009.2 1010.9   -3.7
202604201644   503    0.0    0.0    5.0    0.0  233.4    2.0   14.8    0.0    0.0    0.0    0.0    0.0   36.7 1008.3 1010.5    0.1
202604201644   504  258.7    4.2  256.4    5.9  238.4    4.0   14.3    0.0    0.0    0.0    2.0    2.0   60.1  997.0 1009.5    6.7
202604201644   505  273.4    4.3  280.0    5.3  279.9    3.6   12.9    0.0    0.0    0.0    2.5    2.5   77.5  989.9 1010.1    9.1
202604201644   506  258.3    5.7  260.8    7.6  267.5    5.4   14.6    0.0    0.0    0.0    0.0    0.0   45.2 1008.8 1010.3    2.9
202604201644   507  273.6    1.4  293.6    3.0  293.2    1.8   15.6    0.0    0.0    0.0    0.0    0.0   54.0 1000.2 1009.2    6.3
202604201644   508  286.5    9.8  282.8   13.3  285.9    9.5   10.4    0.0    0.0    0.0    0.0    0.0   55.5  993.6 1010.5    1.9
202604201644   509  241.0    1.7  194.1    2.9  224.0    2.4   12.1    0.0    0.0    0.0    0.0    0.0   55.8  992.6 1009.5    3.5
202604201644   510  186.9    2.6  211.4    4.1  190.6    2.4   13.6    0.0    0.0    0.0    0.0    0.0   54.2 1007.4 1010.4    4.5
202604201644   511  245.7    4.7  237.5    6.8  238.7    5.5   13.9    0.0    0.0    0.0    0.0    0.0   47.1 1009.8 1010.7    2.8
202604201644   512  290.7    2.9  202.4    4.3  293.1    4.1   12.1    0.0    0.0    0.0    0.0    0.0   56.5 1010.4 1011.4    3.7
202604201644   513  320.8   14.1  326.0   16.5  318.4   14.2    8.9    0.0    0.0    0.0    0.0    0.0   44.7 1009.5 1013.1   -2.5
202604201644   514  241.1    4.9  238.0    6.9  245.6    4.9   11.6    0.0    0.0    0.0    0.0    0.0   58.0 1010.7 1011.9    3.6
202604201644   515  273.7    8.6  267.3   10.2  272.0    7.7   10.2    0.0    0.0    0.0    0.5    0.5   74.7 1010.3 1011.6    5.9
202604201644   516  260.0    6.2  281.0    8.4  261.7    5.3   11.1    0.0    0.0    0.0    0.5    0.5   81.1 1008.4 1011.3    8.0
202604201644   517  240.1    5.8  239.1    8.3  241.1    5.6   20.0    0.0    0.0    0.0    0.0    0.0   44.4 1001.5 1002.2    7.5
202604201644   518  191.0    1.1    9.0    2.1  230.6    2.5   13.6    0.0    0.0    0.0    1.0    1.0   68.7  951.7 1005.8    8.0
202604201644   519    3.5    2.1  321.2    3.1   99.8    2.1   12.4    0.0    0.0    0.0    2.0    2.0   77.1  972.4 1007.4    8.5
202604201644   520  318.0    2.3  136.0    6.9  235.7    3.4   18.9    0.0    0.0    0.0    0.0    0.0   50.2  986.3 1001.9    8.3
202604201644   522  189.6    3.4  212.5    5.7  191.1    3.5   15.1    0.0    0.0    0.0    0.0    0.0   73.4  983.8 1007.0   10.4
202604201644   523  197.8    3.5  205.8    5.9  233.7    4.6   21.0    0.0    0.0    0.0    0.0    0.0   47.4 1001.5 1002.5    9.4
202604201644   524  241.4    7.0  233.1    9.0  236.9    7.4   20.1    0.0    0.0    0.0    0.0    0.0   56.1 1002.5 1003.0   11.1
202604201644   525  289.1    5.8  286.1    7.8  276.0    3.5   11.9    1.0    0.0    0.0    2.5    2.5   84.8  941.9 1007.6    9.4
202604201644   526  227.5    4.1  231.2    5.7  227.8    2.5   14.3    1.0    0.0    0.5    1.5    1.5   84.7  971.5 1006.8   11.8
202604201644   527  247.1    4.4  241.6    5.5  255.6    4.4   14.0    0.0    0.0    0.0    0.0    0.0   83.2  961.3 1006.8   11.2
202604201644   529  252.9    4.7  241.4    6.3  247.2    4.5   22.0    0.0    0.0    0.0    0.0    0.0   49.5  999.9 1004.0   11.0
202604201644   530  284.5    3.2  285.2    4.6  279.5    2.5   16.1    0.0    0.0    0.0    0.0    0.0   85.3  -99.7  -99.9   13.6
202604201644   531  224.0    2.9  255.0    4.2  240.2    2.4   14.8    0.0    0.0    0.0    2.0    2.0   69.2  995.6 1008.6    9.2
202604201644   532  307.0    1.7  338.0    2.4  298.5    0.8   14.7    0.0    0.0    0.0    1.5    1.5   64.7  999.6 1010.2    8.1
202604201644   533  254.0    5.3  270.0    6.4  254.3    3.2   13.6    0.0    0.0    0.0    0.0    0.0   72.2  -99.7  -99.9    8.7
202604201644   534  227.0    5.7  244.0    7.3  237.6    6.4   11.6    0.0    0.0    0.0    0.0    0.0   84.3  999.9 1010.5    9.0
202604201644   535  274.0    2.9  298.0    4.7  299.3    1.9   14.6    0.0    0.0    0.0    0.5    0.5   75.1  970.9 1007.4   10.2
202604201644   536  168.4    4.2  152.2    5.3  173.4    4.4   13.9    0.0    0.0    0.0    0.5    0.5   79.3  995.1 1008.6   10.4
202604201644   537   56.0    2.7  236.0    5.4  115.0    5.3   15.3    0.0    0.0    0.0    0.0    0.0   69.1  949.2 1005.1    9.7
202604201644   538  304.0    1.7  331.0    2.6  289.3    2.2   15.2    0.0    0.0    0.0    0.0    0.0   41.7  999.9 1009.7    2.3
202604201644   539  209.1    2.7  227.5    3.8  238.5    1.8   13.5    0.0    0.0    0.0    2.0    2.0   75.0  991.7 1008.9    9.2
202604201644   540  294.9    2.4  289.4    3.0  298.5    2.9   13.7    0.0    0.0    0.0    1.5    1.5   66.0 1003.3 1008.6    7.5
202604201644   541  272.0    1.6  315.0    3.1  279.4    2.4   15.9    0.0    0.0    0.0    0.0    0.0   64.9 1007.1 1010.1    9.3
202604201644   542  191.0    3.1  215.0    4.7  197.4    3.1   13.4    0.0    0.0    0.0    0.5    0.5   77.8 1004.8 1009.8    9.6
202604201644   543  262.2    5.3  256.4    8.1  247.9    5.0   12.3    0.0    0.0    0.0    0.0    0.0   51.2 1007.6 1010.7    2.5
202604201644   544  284.4    6.5  272.7    8.9  284.4    6.4   10.5    0.0    0.0    0.0    0.0    0.0   66.3 1010.1 1011.4    4.5
202604201644   545  132.0    0.7  219.0    1.8  315.5    0.6   12.6    0.0    0.0    0.0    0.0    0.0   67.0 1010.8 1011.5    6.6
202604201644   546  217.8    3.4  214.5    5.5  174.6    3.1   12.3    0.0    0.0    0.0    0.5    0.5   74.1  994.6 1009.2    7.8
202604201644   547  166.0    2.9  198.0    4.0  186.6    2.3   12.9    0.0    0.0    0.0    0.0    0.0   81.9  996.5 1009.4    9.9
202604201644   548  221.0    2.0  222.0    2.8  237.1    2.4   11.9    0.0    0.0    0.0    0.0    0.0   83.2  995.9 1010.1    9.1
202604201644   549  262.0    4.3  313.0    7.3  233.5    3.1   11.9    0.0    0.0    0.0    0.5    0.5   76.5 1000.6 1010.5    7.9
202604201644   550  279.7    2.9  287.7    4.9  293.0    2.3   11.7    0.0    0.0    0.0    0.5    0.5   77.0 1005.4 1009.6    7.8
202604201644   551  267.5    6.0  275.6    7.8  265.5    4.2   10.7    0.0    0.0    0.0    0.5    0.5   81.8 1008.4 1011.7    7.7
202604201644   552  283.1    3.5  300.7    4.2  271.7    3.3   12.7    0.0    0.0    0.0    1.0    1.0   51.1  980.5 1007.6    2.9
202604201644   553  258.2    6.7  279.0    9.5  273.5    9.6   19.4    0.0    0.0    0.0    0.0    0.0   51.5  999.8 1000.8    9.2
202604201644   554  273.2   20.4  268.2   24.2  270.4   20.5   10.9    0.0    0.0    0.0    1.0    1.0   82.0  913.5 1001.3    7.9
202604201644   555  166.0    4.1  193.0    6.3  161.5    3.3   15.9    0.0    0.0    0.0    1.0    1.0   65.3  995.0 1007.8    9.4
202604201644   556  186.5    3.5  175.4    4.6  203.4    2.3   14.7    0.0    0.0    0.0    2.0    2.0   75.5  983.5 1005.5   10.4
202604201644   557  217.6    2.1  199.3    4.3  215.5    2.5   14.6    0.0    0.0    0.0    0.5    0.5   75.1  971.7 1005.7   10.2
202604201644   558  179.1    3.2  175.8    4.9  205.0    2.6   15.0    0.0    0.0    0.0    0.0    0.0   67.2  996.5 1007.7    9.0
202604201644   559  174.1    3.4  160.4    4.5  153.0    3.1   12.0    1.0    0.0    1.5    3.5    3.5   87.3  939.1 1005.3   10.0
202604201644   560  219.7    5.8  224.6    8.9  221.7    6.1   12.6    1.0    0.0    0.0    0.5    0.5   81.0  943.2 1005.5    9.4
202604201644   561  225.4    5.0  234.0    6.9  237.5    4.6   13.7    0.0    0.0    0.0    0.5    0.5   82.6  981.0 1007.0   10.8
202604201644   563  232.7    6.0  264.6    8.1  232.3    5.9   15.2    0.0    0.0    0.5    0.5    0.5   79.4  964.5 1006.5   11.7
202604201644   565  242.6    6.4  240.5    9.7  253.0    5.9   12.3    0.0    0.0    0.0    0.0    0.0   54.6 1010.5 1011.2    3.4
202604201644   566  314.0    2.3  340.0    3.1  297.5    3.9   21.0    0.0    0.0    0.0    0.0    0.0   49.1 1002.8 1003.6    9.9
202604201644   567  284.8    3.7  274.9    5.4  285.4    3.1   15.3    0.0    0.0    0.0    0.0    0.0   27.7 1001.2 1009.6   -3.3
202604201644   568  210.3    2.3  222.4    3.7  214.8    2.8   12.8    0.0    0.0    0.0    2.0    2.0   75.9  991.5 1008.4    8.7
202604201644   569  271.8    3.1  266.4    4.4  262.9    2.3   13.7    0.0    0.0    0.0    0.5    0.5   66.2 1006.6 1009.8    7.5
202604201644   570  267.5    3.7  295.4    5.5  281.5    3.1   14.7    0.0    0.0    0.0    0.0    0.0   40.0 1005.5 1009.5    1.2
202604201644   571  308.0    2.2  314.5    3.9  248.4    1.4   11.1    0.0    0.0    0.0    0.5    0.5   63.6 1006.4 1011.9    4.5
202604201644   572  277.8    1.9  309.6    3.7  238.6    1.4   13.4    0.0    0.0    0.0    0.5    0.5   61.5 1008.3 1011.7    6.2
202604201644   573  186.1    4.8  185.9    5.3  202.6    5.1   15.4    0.0    0.0    0.0    0.0    0.0   71.2  994.6 1008.8   10.2
202604201644   574  266.7    4.3  254.5    7.0  273.1    3.8   12.8    0.0    0.0    0.0    0.0    0.0   81.0 1005.1 1009.5    9.6
202604201644   575  285.8    3.8  273.0    4.9  274.9    3.8   10.2    0.0    0.0    0.0    0.5    0.5   83.5 1005.1 1011.3    7.5
202604201644   576  306.0    5.1  303.9    6.5  288.1    4.2   10.7    0.0    0.0    0.0    0.5    0.5   75.5  997.5 1010.9    6.5
202604201644   577  264.3    3.6  203.7    5.4  273.9    4.2   11.8    0.0    0.0    0.0    0.0    0.0   64.0 1010.9 1012.0    5.2
202604201644   578  293.4    8.0  302.4   11.3  289.0    6.8    8.9    0.0    0.0    0.0    0.0    0.0   71.9 1012.2 1013.2    4.1
202604201644   579  225.2    5.2  218.7    8.8  226.7    3.6   14.4    0.0    0.0    0.0    0.0    0.0   77.1  935.9 1005.1   10.4
202604201644   580  210.4    4.2  212.8    6.0  199.1    3.4   21.2    0.0    0.0    0.0    0.0    0.0   55.4  996.8 1003.5   11.9
202604201644   581  243.9    1.0  267.3    1.4  223.8    1.5   14.1    1.0    0.1    0.7    0.7    0.7   90.5  959.3 1008.2   12.6
202604201644   582  235.8    2.3  239.3    3.0  257.3    2.9   12.8    0.0    0.0    0.0    1.5    1.5   81.1  970.3 1008.8    9.6
202604201644   583  258.5    4.6  239.7    7.3  255.6    4.4   10.8    0.0    0.0    0.0    2.0    2.0   91.2  946.2 1008.4    9.4
202604201644   585  182.1    5.9  183.7    6.9  188.9    4.5   14.2    0.0    0.0    0.0    1.0    1.0   82.5  979.7 1007.3   11.3
202604201644   586  153.6    1.0  120.1    1.6  144.3    1.5   14.7    0.0    0.0    0.0    3.0    3.0   74.3  979.5 1005.9   10.2
202604201644   587  266.3    1.1  267.3    2.1  268.0    1.6   14.8    0.0    0.0    0.0    1.5    1.5   71.1  973.7 1006.0    9.6
202604201644   588  254.9    2.3  245.1    3.6  232.8    3.1   14.2    0.0    0.0    0.0    0.5    0.5   78.0  998.6 1008.5   10.4
202604201644   589  279.2    3.7  242.0    5.0  277.6    3.3   13.7    0.0    0.0    0.0    0.0    0.0   45.2 1003.0 1010.0    2.0
202604201644   590  241.5    2.1  199.8    3.5  233.3    1.9   14.1    0.0    0.0    0.0    0.0    0.0   57.1 1005.2 1010.8    5.7
202604201644   591  201.9    1.6  201.9    2.8  192.2    1.6   12.3    0.0    0.0    0.0    1.5    1.5   91.5  977.2 1008.8   11.0
202604201644   592  217.3    2.8  238.0    3.8  232.5    2.8   12.2    0.0    0.0    0.0    0.0    0.0   82.6 1003.9 1010.2    9.3
202604201644   593  186.1    8.7  183.4   11.6  189.6    8.4   17.5    1.0    0.0    0.0    0.0    0.0   58.5  988.7 1003.6    9.3
202604201644   594  135.1    5.2  112.6    9.2  125.3    5.6   15.1    0.0    0.0    0.0    0.5    0.5   65.6  968.0 1004.6    8.7
202604201644   595  222.9    4.9  222.3    9.6  217.5    4.7   12.6    0.0    0.0    0.0    0.6    0.6   84.4  938.1 1005.5   10.0
202604201644   596  293.1    3.9  279.4    7.0  279.0    4.8   15.8    0.0    0.0    0.0    0.5    0.5   66.8  975.7 1003.7    9.6
202604201644   597   30.2    2.6   47.9    4.2  317.5    3.2   12.6    1.0    0.0    0.5    2.0    2.0   81.5  942.4 1007.2    9.5
202604201644   598  307.4    3.6  304.2    5.0  296.9    3.7   14.4  -99.2    0.0    0.0    1.0    1.0   44.1  999.9 1010.3    2.3
202604201644   599  260.0    1.1  241.1    1.6  250.8    1.7   13.9    0.0    0.0    0.0    2.5    2.5   69.5  997.6 1010.2    8.4
202604201644   600  254.8    2.3  231.2    2.7  255.8    1.9   11.1    0.0    0.0    0.0    0.0    0.0   83.7  993.8 1009.6    8.4
202604201644   601  256.1    3.7  271.0    4.8  258.5    4.1   15.8    1.0    0.0    1.0    1.0    1.0   76.4  990.0 1007.2   11.7
202604201644   602  280.9    2.7  274.6    3.2  258.8    2.8   12.4    0.0    0.0    0.0    0.0    0.0   78.5 1001.9 1010.0    8.8
202604201644   603  295.2    3.9  293.2    4.9  299.3    3.4   13.2    0.0    0.0    0.0    1.5    1.5   85.3  996.0 1010.3   10.8
202604201644   604  219.0    1.9  242.0    3.0  222.2    2.2   13.9    0.0    0.0    0.0    0.0    0.0   86.2  996.9 1010.9   11.6
202604201644   605  200.0    5.2  209.0    6.5  209.3    4.8   14.2    0.0    0.0    0.5    0.5    0.5   86.8  993.4 1010.3   12.0
202604201644   606  281.9    6.3  272.2    8.9  274.6    6.3   10.0    0.0    0.0    0.0    0.0    0.0   57.4 1009.0 1011.8    2.0
202604201644   607  304.4    6.4  338.2    8.7  303.2    6.9    8.9    0.0    0.0    0.0    0.5    0.5   60.4 1012.1 1012.9    1.6
202604201644   609  292.5    3.8  317.7    6.0  292.3    4.0    8.7    0.0    0.0    0.0    0.0    0.0   67.9 1008.3 1013.1    3.1
202604201644   610  287.0    6.9  301.0    8.5  290.6    7.6   10.7    0.0    0.0    0.0    0.0    0.0   54.8 1011.2 1013.2    2.0
202604201644   611  278.3    2.7  283.4    3.1  297.6    2.7   13.0    0.0    0.0    0.0    0.0    0.0   73.6 1003.4 1009.5    8.4
202604201644   612  233.4    1.3  267.1    2.6  240.5    1.7   12.4    0.0    0.0    0.0    0.0    0.0   76.0 1008.6 1011.5    8.3
202604201644   614  301.7    3.9  318.2    5.9  302.1    3.4   10.3    0.0    0.0    0.0    0.0    0.0   71.4 1012.0 1013.2    5.4
202604201644   615  225.7    2.8  216.9    3.5  243.1    3.3   12.2    0.0    0.0    0.0    0.0    0.0   79.3 1010.6 1011.6    8.7
202604201644   616  238.0    3.3  217.0    7.9  251.0    2.5   10.4    0.0    0.0    0.0    0.0    0.0   56.8 1006.1 1012.4    2.2
202604201644   617  251.7    3.9  281.5    5.7  244.3    3.3   11.6    0.0    0.0    0.0    0.5    0.5   82.8  -99.7  -99.9    8.8
202604201644   618  251.7    2.1  253.8    2.8  296.3    2.4   11.4    0.0    0.0    0.0    0.0    0.0   55.8  -99.7  -99.9    2.9
202604201644   619  263.0    4.6  278.0    6.0  264.0    4.8   12.2    0.0    0.0    0.0    0.5    0.5   85.2  994.6 1010.5    9.8
202604201644   620  303.0    3.0  301.0    3.4  300.5    3.8   13.2    0.0    0.0    0.5    1.0    1.0   83.5 1002.3 1010.1   10.5
202604201644   621  281.2    5.3  286.2    7.4  285.8    3.7   14.6    0.0    0.0    0.5    1.0    1.0   84.5  991.9 1009.3   12.0
202604201644   622  236.2    3.1  239.4    3.7  220.2    3.7   13.5    0.0    0.0    0.0    1.5    1.5   83.2  982.9 1009.8   10.7
202604201644   623  250.2    4.6  250.5    5.5  254.8    3.5   13.1    0.0    0.0    0.0    0.0    0.0   77.1 1001.5 1010.4    9.2
202604201644   624  178.7    3.2  195.3    5.0  248.6    1.9   12.2    0.0    0.0    0.0    1.5    1.5   89.3  983.9 1010.5   10.5
202604201644   625  246.8    1.8  229.3    2.5  256.5    2.0   12.8    0.0    0.5    0.5    1.0    1.0   88.7  971.7 1009.9   11.0
202604201644   626  313.1    3.8  308.1    4.7  306.0    3.6   14.5    1.0    0.0    0.0    0.0    0.0   88.1  995.6 1009.9   12.6
202604201644   627  325.9    4.6  332.1    8.0  328.5    5.4   10.3    0.0    0.0    0.0    0.0    0.0   48.6 1010.6 1012.4   -0.1
202604201644   628  253.9    5.3  253.3    7.1  241.0    4.3   11.8    0.0    0.0    0.0    0.0    0.0   55.7 1007.9 1011.4    3.2
202604201644   629   33.4    2.3   27.2    2.8   21.0    2.0   12.3    0.0    0.0    0.0    0.0    0.0   78.0 1001.2 1011.3    8.6
202604201644   630  279.6    3.2  263.8    4.0  291.0    3.4   12.2    0.0    0.0    0.0    0.5    0.5   85.4  997.5 1010.5    9.8
202604201644   631  272.4    6.3  269.9   10.1  272.5    6.0   11.4    0.0    0.0    0.0    0.0    0.0   63.0 1009.9 1011.1    4.6
202604201644   632  246.1    1.9  251.8    2.9  285.9    2.7   11.4    0.0    0.0    0.0    0.0    0.0   72.0 1005.6 1012.6    6.5
202604201644   633  264.9    3.9  274.8    5.5  262.8    3.6   12.7    0.0    0.0    0.0    0.0    0.0   70.7 1003.1 1012.2    7.5
202604201644   634  280.9    4.5  286.6    5.6  276.6    4.1   11.3    0.0    0.0    0.0    0.5    0.5   62.0 1008.7 1012.3    4.3
202604201644   635  249.8    1.9  264.6    3.7  253.5    1.9   12.2    0.0    0.0    0.0    0.0    0.0   69.6 1011.8 1013.1    6.8
202604201644   636  284.4    4.1  294.4    6.7  280.1    3.9   11.6    0.0    0.0    0.5    1.0    1.0   75.1  995.8 1011.6    7.3
202604201644   637  284.1    2.9  247.6    5.2  280.0    3.9   11.0    0.0    0.0    0.0    0.0    0.0   66.4 1011.5 1012.6    5.0
202604201644   638  259.9    4.9  269.1    6.0  255.6    4.0   14.6    0.0    0.0    1.0    1.0    1.0   85.5  977.7 1006.1   12.2
202604201644   639  317.2    2.7   20.1    4.1  321.8    3.3   13.4    1.0    0.0    0.5    1.0    1.0   84.8  975.6 1008.8   10.9
202604201644   640  321.9    5.3  321.6    6.4  321.0    4.6   12.7    0.0    0.0    0.0    1.0    1.0   86.8  983.7 1010.4   10.6
202604201644   641  234.3    4.8  242.6    5.8  235.9    5.3   13.5    0.0    0.0    0.0    0.0    0.0   84.0 1001.7 1011.1   10.9
202604201644   642  267.1    3.6  246.0    5.1  250.2    3.4   11.7    0.0    0.0    0.5    0.5    0.5   93.1  994.2 1012.0   10.6
202604201644   643  210.2    3.5  221.4    5.0  213.8    3.3   13.2    0.0    0.0    0.5    0.5    0.5   89.0 1000.5 1011.4   11.4
202604201644   644  212.7    2.9  223.0    3.7  216.1    3.7   10.9    0.0    0.0    0.5    0.5    0.5   94.7 1009.3 1012.3   10.1
202604201644   645  248.7    3.6  256.7    5.5  255.2    4.6   10.3    0.0    0.0    0.0    0.0    0.0   58.8 1011.0 1013.1    2.6
202604201644   646  315.7   10.0  316.8   11.4  317.3   10.5    9.0    0.0    0.0    0.0    0.0    0.0   71.8 1012.4 1013.3    4.2
202604201644   647  253.3    2.5  275.6    3.2  269.3    2.6   14.5    0.0    0.0    0.0    0.5    0.5   84.8  -99.7  -99.9   12.0
202604201644   648  311.2    1.0  319.5    2.7  306.4    2.4   12.8    0.0    0.0    0.0    0.5    0.5   83.3  998.7 1010.6   10.0
202604201644   649   29.7    1.9  332.2    2.9  349.7    2.4   13.0    0.0    0.0    0.0    0.0    0.0   51.3 1007.7 1010.8    3.2
202604201644   650  285.8    4.9  280.5    6.3  289.1    5.7   13.3    0.0    0.0    0.0    0.0    0.0   47.7  984.4 1006.4    2.4
202604201644   651  259.0    7.1  301.0    9.4  263.4    6.5   13.0    0.0    0.0    0.0    0.0    0.0   48.8  983.5 1009.0    2.5
202604201644   652  216.6    3.6  211.3    5.1  232.8    2.2   15.7    0.0    0.0    0.0    0.0    0.0   38.1 1003.5 1008.0    1.5
202604201644   654  210.7    1.0  240.3    2.8  231.6    1.3   10.3    0.0    0.0    0.0    0.0    0.0   55.4 1011.1 1012.4    1.8
202604201644   655  240.7    9.2  242.7   14.2  240.0    8.8    8.2    0.0    0.0    0.0    0.0    0.0   64.1 1003.6 1013.7    1.8
202604201644   656  284.6   11.1  296.6   14.7  283.7   12.3   14.1    0.0    0.0    0.0    0.0    0.0   39.0 1005.0 1010.9    0.4
202604201644   657  300.2    7.4  293.0    9.1  300.5    7.0    9.6    0.0    0.0    0.0    0.0    0.0   71.4 1010.0 1013.9    4.7
202604201644   658  294.5    9.2  292.3   10.3  294.5    9.2    8.4    0.0    0.0    0.0    0.5    0.5   66.6 1011.9 1013.1    2.5
202604201644   659  246.3    6.1  251.2    7.6  251.0    5.1    5.2    0.0    0.0    0.5    0.5    0.5   99.5  915.2 1012.4    5.1
202604201644   660  216.9    5.1  226.5    6.6  203.7    3.3   12.0    0.0    0.0    0.0    2.0    2.0   89.0  946.4 1008.2   10.2
202604201644   661  296.5    6.6  305.4    8.7  289.5    5.2   20.1    0.0    0.0    0.0    0.0    0.0   48.2 1002.4 1003.0    8.8
202604201644   662  297.3    3.0  308.0    4.8  295.4    3.3   10.0    0.0    0.0    0.0    0.0    0.0   58.4 1009.6 1010.8    2.2
202604201644   663  319.3   13.4  318.8   14.8  321.4   14.0    8.4    0.0    0.0    0.0    0.0    0.0   62.6 1005.7 1013.3    1.7
202604201644   664  288.4    5.5  282.1    7.3  294.4    6.4   10.7    0.0    0.0    0.0    0.0    0.0   62.0 1010.4 1012.5    3.7
202604201644   665  211.6    4.4  220.7    7.7  205.9    4.2   10.6    0.0    0.0    0.0    0.0    0.0   63.0 1007.1 1010.5    3.9
202604201644   666   43.3   10.9   46.0   13.6   43.5   10.1    8.4    0.0    0.0    0.0    0.0    0.0   66.3 1008.2 1012.2    2.5
202604201644   667  248.2    4.2  299.0    9.7  275.6    6.2    8.0    0.0    0.0    0.0    0.0    0.0   69.3 1006.3 1013.4    2.7
202604201644   669  282.3    6.4  300.4    8.2  278.2    5.9    9.1    0.0    0.0    0.0    0.0    0.0   58.8 1011.0 1013.2    1.5
202604201644   670  292.2    4.5  310.1    7.5  273.7    4.7   19.8    0.0    0.0    0.0    0.0    0.0   54.7 1001.7 1002.5   10.4
202604201644   671  201.9    1.9  201.7    4.0  178.9    3.6   21.2    0.0    0.0    0.0    0.0    0.0   48.9 1002.0 1002.5   10.0
202604201644   672  297.6    3.9  323.7    7.0  284.9    2.9   10.7    0.0    0.0    0.0    0.5    0.5   69.1 1013.4 1014.7    5.3
202604201644   673  212.3    3.2  209.3    4.0  212.6    3.4   19.6    0.0    0.0    0.0    0.0    0.0   71.1 1006.5 1008.9   14.2
202604201644   674  267.9    9.9  260.7   13.3  245.7    8.1   12.3    1.0    0.0    0.5    0.5    0.5   83.4  913.2 1006.4    9.6
202604201644   675  205.8    2.6  238.1    4.8  201.8    2.9   14.2    0.0    0.0    0.0    1.0    1.0   77.8 1000.9 1007.1   10.4
202604201644   676  221.2    2.2  219.4    3.7  220.9    3.4   10.9    0.0    0.0    0.0    0.5    0.5   83.5  994.3 1011.5    8.2
202604201644   677  273.0    1.9  218.4    3.6  257.4    3.5   20.3    0.0    0.0    0.0    0.0    0.0   56.9  990.3 1004.1   11.5
202604201644   678  248.7    5.6  330.8    9.9  243.3    5.8   14.8    0.0    0.0    0.0    0.0    0.0   71.9  950.8 1003.1    9.8
202604201644   679  247.8    3.3  258.5    6.0  226.0    4.0   14.0    0.0    0.0    0.5    0.5    0.5   73.3  926.5 1004.4    9.3
202604201644   680  268.6    1.4  294.3    3.3  306.0    2.9   15.4    0.0    0.0    0.0    2.0    2.0   63.8  979.9 1006.8    8.6
202604201644   681  312.4    3.3  317.1    4.3  278.1    3.0   14.4    0.0    0.0    0.0    1.0    1.0   73.4  984.6 1008.2    9.7
202604201644   682  284.4    8.1  284.0   11.2  281.4    8.1    6.9    0.0    0.0    0.5    1.0    1.0   96.5  886.3 1007.1    6.4
202604201644   687  307.7    3.3  344.1    4.6  301.0    2.5   16.0    0.0    0.0    0.0    0.0    0.0   86.0 1003.8 1011.2   13.7
202604201644   688  314.0    4.1  328.0    5.3  268.5    1.5   13.7    0.0    0.0    0.0    0.0    0.0   80.5 1009.0 1012.7   10.4
202604201644   689  336.7    1.0  355.4    1.9  280.9    1.3   13.0    0.0    0.0    0.0    0.0    0.0   82.5 1004.3 1013.1   10.1
202604201644   690  329.4    2.5  344.4    3.8  319.6    1.8   13.1    0.0    0.0    0.0    0.0    0.0   81.6  999.9 1011.6   10.0
202604201644   691  282.0    1.2  334.0    2.2  342.7    2.1   12.2    0.0    0.0    0.0    0.0    0.0   66.5 1009.8 1012.7    6.1
202604201644   692  297.8    4.0  327.8    6.2  268.9    3.6   14.6    0.0    0.0    0.0    0.0    0.0   32.3 1004.8 1008.8   -1.8
202604201644   694  278.0    8.3  287.0   10.9  277.2    8.6    4.1    0.0    0.0    0.0    1.0    1.0   97.9  932.0 1012.3    3.8
202604201644   695  305.4    5.7  302.2    7.9  307.3    5.8    6.0    0.0    0.0    0.0    1.7    1.7   99.9  888.6 1008.7    6.0
202604201644   696  163.4    3.9  143.0    5.7  216.4    3.1   21.6    0.0    0.0    0.0    0.0    0.0   47.7  995.0 1004.5   10.0
202604201644   697  346.0    1.8    9.0    3.4  346.1    2.2   11.5    0.0    0.0    0.0    0.0    0.0   86.1 1013.9 1014.6    9.3
202604201644   698  341.0    3.6    7.0    6.7  342.7    4.5   10.8    0.0    0.0    0.0    0.0    0.0   74.2 1011.5 1014.6    6.4
202604201644   699  322.0    5.5  317.0    7.2  316.3    5.0   11.2    0.0    0.0    0.0    0.0    0.0   77.8 1009.5 1014.1    7.5
202604201644   700  264.4    9.6  266.5   11.5  315.0    8.4    9.3    0.0    0.0    0.0    0.0    0.0   62.7 1007.2 1014.3    2.6
202604201644   701  282.6    3.0  298.8    3.8  289.3    2.8   14.3    1.0    0.0    0.0    0.0    0.0   82.9  984.4 1009.3   11.4
202604201644   702  237.7    5.0  252.9    6.2  250.1    5.0   10.8    0.0    0.0    0.0    0.0    0.0   79.1 1011.3 1012.6    7.3
202604201644   703  212.3    3.8  218.6    4.8  225.3    3.8   10.9    0.0    0.0    0.5    0.5    0.5   91.1  970.5 1012.4    9.5
202604201644   704  301.3    3.3   37.0    4.8  316.6    4.1    9.9    0.0    0.0    0.0    0.5    0.5   75.6 1013.2 1013.4    5.8
202604201644   706  305.3    3.8  286.9    5.4  294.9    3.1   13.3    0.0    0.0    0.0    0.0    0.0   84.1 1006.1 1011.4   10.7
202604201644   707  343.0    3.9    5.0    7.2  339.6    3.5   11.0    0.0    0.0    0.0    0.0    0.0   73.1 1010.6 1014.8    6.4
202604201644   708  277.3    3.0  275.4    4.4  285.6    2.2   11.7    0.0    0.0    0.0    0.0    0.0   81.2 1008.5 1012.1    8.6
202604201644   709  304.3    5.4  304.0    6.7  304.1    5.8   16.9    0.0    0.0    0.0    0.0    0.0   84.5 1008.1 1011.3   14.3
202604201644   710  329.2    4.0  334.8    4.9  328.2    4.7   11.8    0.0    0.0    0.0    0.0    0.0   75.8 1013.2 1014.1    7.7
202604201644   711  354.9    2.9  338.4    3.9  344.5    2.8   13.7    0.0    0.0    0.0    0.0    0.0   83.2  -99.7  -99.9   10.9
202604201644   712  312.8    4.2  312.1    5.4  312.5    4.0   19.4    0.0    0.0    0.0    0.0    0.0   74.4 1010.2 1010.5   14.7
202604201644   713  266.1    2.8  274.0    3.4  275.6    2.9   20.0    0.0    0.0    0.0    0.0    0.0   71.1 1008.1 1009.8   14.6
202604201644   714  331.9    3.1  347.3    3.9  319.8    3.3   11.5    0.0    0.0    0.0    0.0    0.0  -99.7 1014.3 1014.5  -99.9
202604201644   716  317.0    8.2  323.7    9.5  317.9    7.7   11.5    0.0    0.0    0.0    0.0    0.0   82.8 1014.0 1014.3    8.7
202604201644   717  263.2    4.5  256.1    6.9  277.2    5.0   12.1    0.0    0.0    0.0    0.0    0.0   76.5 1011.3 1012.7    8.1
202604201644   718  283.0    7.9  302.0   12.3  277.3    7.5   11.7    0.0    0.0    0.0    0.0    0.0   85.3 1013.3 1014.1    9.3
202604201644   719  313.5    4.5  305.7    8.0  304.4    4.2    9.7    0.0    0.0    0.0    0.5    0.5   73.4 1011.9 1013.3    5.2
202604201644   720  315.2    2.7  298.8    4.8  207.2    1.5   13.7    0.0    0.0    0.0    0.0    0.0   99.9 1011.5 1013.3   13.7
202604201644   721  289.6    8.2  287.7    9.5  294.6    7.3   15.8    0.0    0.0    0.0    0.0    0.0   86.3 1011.2 1011.7   13.5
202604201644   722  238.5    2.6  234.7    3.4  271.3    2.4   12.2    0.0    0.0    0.0    0.0    0.0   82.5 1000.2 1013.5    9.3
202604201644   723  283.9    6.3  282.9    7.7  283.1    5.7   17.5    0.0  -99.9  -99.9  -99.9  -99.2   81.6 1010.1 1010.9   14.3
202604201644   724  144.8    2.9  110.3    4.3  165.5    2.6   13.2    0.0    0.0    0.0    0.0    0.0   87.2 1011.1 1012.1   11.1
202604201644   725  298.3   10.2  298.8   12.5  293.9   11.2   15.0    0.0    0.0    0.0    1.5    1.5   95.9 1010.7 1011.8   14.4
202604201644   726  321.6   13.2  321.7   13.9  319.4   12.2   14.2    0.0    0.0    0.0    0.0    0.0   95.8 1010.6 1012.0   13.5
202604201644   727  317.6    2.8  345.8    4.3  323.9    2.2   11.4    0.0    0.0    1.0    2.5    2.5  100.0  964.5 1014.5   11.4
202604201644   730  309.0    2.4  334.0    4.7  307.2    2.7   11.5    0.0    0.0    0.0    0.0    0.0   81.8 1008.4 1013.7    8.5
202604201644   731  276.0    1.6  265.0    3.7  298.9    2.2   12.5    0.0    0.0    0.0    0.0    0.0   81.2 1013.4 1014.0    9.4
202604201644   732  324.3    1.9  339.7    2.8  309.1    2.4   15.0    0.0    0.0    0.0    0.0    0.0   82.0  994.1 1011.3   12.0
202604201644   733  262.4    1.4  248.2    2.4  262.6    1.6   10.2    0.0    0.0    0.0    0.5    0.5   82.0  -99.7  -99.9    7.3
202604201644   734  310.2    5.3  312.3    8.2  313.7    4.2    9.9    0.0    0.0    0.0    0.9    0.9   92.3 1005.6 1013.4    8.7
202604201644   735   36.1    1.7   11.3    2.6   19.3    1.6   11.0    1.0    0.0    0.5    1.0    1.0   92.5  934.6 1010.9    9.8
202604201644   736  327.7    4.6  340.2    5.7  306.6    4.9   10.4    0.0    0.0    0.0    0.5    0.5   73.0 1013.3 1013.6    5.8
202604201644   737  312.5    4.2  313.8    5.7  284.2    4.2    9.9    0.0    0.0    0.0    0.0    0.0   81.2 1007.3 1013.9    6.8
202604201644   738  294.2    3.7  292.5    4.7  293.5    3.8   10.8    0.0    0.0    0.0    0.0    0.0   61.9 1012.0 1013.9    3.8
202604201644   739   72.5    3.3   58.5    4.2   69.7    3.7   11.2    0.0    0.0    0.0    0.5    0.5   70.4 1013.2 1014.7    6.0
202604201644   741  180.6    3.1  177.3    3.9  184.8    3.6   13.7    0.0    0.0    0.0    0.0    0.0   80.2 1002.0 1013.3   10.4
202604201644   742  323.1    6.4  326.4    8.2  317.8    5.9   11.5    0.0    0.0    0.0    0.0    0.0   78.3 1011.7 1013.2    7.9
202604201644   743  325.6    6.8  329.2    9.3  320.7    6.3   11.2    0.0    0.0    0.0    0.0    0.0   88.6 1013.5 1014.5    9.4
202604201644   744  286.0    2.8  342.0    5.2  271.4    3.8   12.3    0.0    0.0    0.0    0.0    0.0   76.8 1013.6 1014.3    8.3
202604201644   745  317.5    4.3  310.2    5.8  327.3    3.8   13.2    0.0    0.0    0.0    0.0    0.0   82.7 1007.1 1013.0   10.3
202604201644   746   65.7    6.8  152.2    9.7   95.8    5.8   12.9    0.0    0.0    0.0    0.0    0.0   82.0 1012.9 1014.0    9.9
202604201644   747   41.7    0.7   33.2    1.2   45.2    1.3   15.3    0.0    0.0    0.0    0.0    0.0   89.9 1008.3 1011.2   13.7
202604201644   748  309.9    3.1  292.7    4.7  308.6    4.7   17.9    0.0    0.0    0.0    0.0    0.0   78.0 1011.2 1011.4   14.0
202604201644   749  224.3    0.7  255.0    1.4  226.8    1.4   16.3    0.0    0.0    0.0    0.0    0.0   81.3 1007.1 1010.1   13.1
202604201644   750  266.9    2.0  295.0    3.3  273.1    2.2   19.5    0.0    0.0    0.0    0.0    0.0   69.4 1008.0 1010.7   13.8
202604201644   751  303.4    1.6  295.8    2.3  298.8    1.8   12.9    0.0    0.0    0.5    0.5    0.5   95.6  -99.7  -99.9   12.2
202604201644   752  347.3    3.8   35.3    6.3  344.7    3.4   12.4    0.0    0.0    0.0    0.5    0.5   94.8  -99.7  -99.9   11.6
202604201644   753  202.6    1.1  201.8    1.8  231.4    1.3   10.6    0.0    0.0    1.0    7.5    7.5   98.9  -99.7  -99.9   10.4
202604201644   754  322.8    3.1   64.3    4.2  309.8    4.1   11.3    0.0    0.0    0.0    0.5    0.5   81.7 1012.7 1014.0    8.3
202604201644   755  341.0    4.1  356.0    5.8  335.1    3.9   13.1    0.0    0.0    0.0    0.5    0.5   90.2  990.3 1012.5   11.5
202604201644   756   28.2    3.8  151.0    5.7   27.1    4.1    9.9    0.0    0.0    0.0    0.0    0.0   77.0 1013.2 1013.7    6.1
202604201644   757   13.3    1.0   25.7    2.0   32.8    1.8   12.0    0.0    0.0    0.5    1.0    1.0   83.3  979.6 1011.5    9.3
202604201644   758  239.5    3.1  257.4    4.4  234.2    2.8   12.4    0.0    0.0    0.0    0.0    0.0   87.1  972.9 1010.6   10.3
202604201644   759  285.8    2.4  324.3    2.8  280.3    1.6   12.8    1.0    1.0    1.0    1.5    1.5   92.2  954.1 1009.7   11.6
202604201644   760   24.9    3.6   22.5    4.4   33.0    3.5    9.4    0.0    0.0    0.0    0.5    0.5   90.8  978.7 1012.4    8.0
202604201644   761  298.0    3.0  299.6    3.6  301.2    2.5   10.4    0.0    0.0    0.0    0.5    0.5   86.0 1012.2 1014.0    8.2
202604201644   762  109.2    1.6   26.2    3.0  288.0    3.9   10.8    0.0    0.0    0.0    0.0    0.0   84.7  994.3 1011.9    8.3
202604201644   763  247.3    0.9  180.0    2.7  266.1    0.6   10.9    0.0    0.0    0.0    0.5    0.5   86.5 1008.7 1013.3    8.7
202604201644   764   20.3    3.5   26.3    4.2   22.3    4.3    8.8    0.0    0.0    0.5    1.0    1.0   95.5  987.9 1013.4    8.1
202604201644   765  278.5    3.5  284.2    5.0  273.0    2.8   14.3    0.0    0.0    0.0    0.0    0.0   89.0  999.8 1012.9   12.5
202604201644   766  295.5   10.8  294.4   13.3  299.1    8.8   19.1    0.0    0.0    0.0    0.0    0.0   62.0 1000.9 1010.1   11.7
202604201644   767  335.3    4.9  354.6    5.9  333.5    4.9   18.9    0.0    0.0    0.0    0.0    0.0   82.8 1010.9 1011.3   15.9
202604201644   768  271.6    2.7  256.1    6.2  300.1    3.5   13.8    0.0    0.0    1.0    5.5    5.5   94.8 1000.3 1012.3   13.0
202604201644   769  356.8    5.7    8.5    7.4  352.6    5.4   10.5    0.0    0.0    0.0    0.0    0.0   77.1 1014.2 1014.9    6.7
202604201644   770  211.6    1.4  220.1    2.1  291.2    1.7   12.4    0.0    0.0    0.0    0.0    0.0   83.8 1001.2 1013.1    9.7
202604201644   771   25.5    7.6   18.4    8.5   22.4    7.1   12.1    0.0    0.0    0.0    0.0    0.0   81.1 1014.1 1014.5    9.0
202604201644   772  355.5    7.2  349.0    8.2  356.2    7.3   12.5    0.0    0.0    0.0    0.0    0.0   81.3 1014.6 1014.8    9.4
202604201644   773  305.4    3.9  288.2    4.9  307.7    3.7   12.4    0.0    0.0    0.0    0.0    0.0   85.4 1005.5 1014.2   10.0
202604201644   774  190.6    1.2  178.3    2.1  158.9    2.0   11.6    0.0    0.0    0.0    0.0    0.0   74.6 1012.5 1013.9    7.2
202604201644   775  327.1    5.0  350.4    7.3  330.2    5.4   10.8    0.0    0.0    0.0    0.0    0.0   82.4 1009.0 1013.8    7.9
202604201644   776  306.8    8.5  301.6   10.0  291.3    7.0   12.4    0.0    0.0    0.0    0.0    0.0   80.3 1010.4 1012.4    9.1
202604201644   777  358.8    3.4  355.3    4.2  359.6    3.4   15.7    0.0    0.0    0.0    0.0    0.0   85.3 1007.6 1012.0   13.2
202604201644   778  190.3    2.1  229.7    3.3  184.7    2.5   12.6    0.0    0.0    0.0    0.0    0.0   86.5 1001.5 1013.0   10.4
202604201644   779  318.9    4.1  332.6    5.8   36.8    3.2   13.3    0.0    0.0    0.0    0.0    0.0   93.4 1008.6 1013.2   12.3
202604201644   780  130.4    2.6  145.6    3.7  130.2    2.9   19.8    0.0    0.0    0.0    0.0    0.0   77.3 1007.6 1010.6   15.7
202604201644   781  292.9    7.9  286.1    9.1  290.4    6.4   16.4    0.0    0.0    0.0    0.5    1.5   93.3  -99.7  -99.9   15.3
202604201644   782  340.7    1.7  344.3    3.1  329.5    2.4   12.9    0.0    0.0    0.0    1.0    1.0   88.7  -99.7  -99.9   11.1
202604201644   783  306.3    1.1  328.9    2.3  292.1    1.6   12.5    0.0    0.0    0.0    0.0    0.0   79.6 1008.4 1012.1    9.1
202604201644   784  328.9    3.9  325.3    5.2  329.7    4.5   12.1    0.0    0.0    0.0    0.0    0.0   86.5 1011.4 1014.1    9.9
202604201644   785  345.6    5.3  344.5    7.8  343.5    5.8   14.1    0.0    0.0    0.0    0.0    0.0   74.5 1010.7 1012.3    9.6
202604201644   786  247.9    4.2  253.9    5.3  257.5    5.0   19.2    0.0    0.0    0.0    0.0    0.0   71.1 1007.9 1009.9   13.8
202604201644   787  299.8    6.7  292.3   10.2  298.8    6.8   19.3    0.0    0.0    0.0    0.0    0.0   72.2 1009.6 1011.0   14.2
202604201644   788  317.9    3.7  334.6    5.7  307.0    3.5   12.7    0.0    0.0    0.0    0.0    0.0   74.3 1003.1 1010.9    8.2
202604201644   789   49.8    4.8   17.0    6.8    0.1    5.5   11.6    0.0    0.0    0.0    0.0    0.0   80.4 1013.2 1014.3    8.3
202604201644   790  219.5    2.9  193.0    4.4  211.0    3.4   18.9    0.0    0.0    0.0    0.0    0.0   78.5  993.5 1009.2   15.1
202604201644   791  106.9    2.1   75.3    2.9  105.1    1.8   15.4    1.0    0.0    0.0    0.0    0.0   80.6  961.4 1008.7   12.1
202604201644   792  301.9    4.2  296.7    5.5  309.1    4.7   18.1    0.0    0.0    0.0    1.5    1.5   76.3 1000.7 1011.1   13.9
202604201644   793  284.1    6.5  260.3    8.6  300.1    6.5   13.9    0.0    0.0    0.0    0.0    0.0   90.0 1012.0 1012.3   12.3
202604201644   794  283.7    3.3  278.0    4.7  282.8    3.8   16.9    0.0    0.0    0.0    0.0    0.0   77.4 1001.5 1010.4   12.9
202604201644   795  312.3    2.9  307.5    3.8  314.0    3.0   13.8    0.0    0.0    0.5    0.5    0.5   91.6 1001.6 1011.9   12.5
202604201644   796  242.7    4.3  256.1    6.7  241.9    4.7   16.7    0.0    0.0    0.0    0.0    0.0   84.7 1007.3 1011.7   14.1
202604201644   797   40.3    5.1  120.1    6.2   21.5    6.5   10.8    0.0    0.0    0.0    0.5    0.5   87.6 1010.9 1015.2    8.8
202604201644   798  294.3   15.6  297.1   17.0  293.9   15.0   10.6    0.0    0.0    0.0    0.0    0.0   79.9 1009.8 1012.6    7.3
202604201644   799  126.3    0.4  223.7    1.2  253.9    0.9   11.1    0.0    0.0    0.0    0.0    0.0   77.5 1011.4 1013.8    7.3
202604201644   800  237.6    6.6  245.5    8.6  226.1    5.2   22.2    0.0    0.0    0.0    0.0    0.0   51.2 1005.1 1005.8   11.7
202604201644   801  150.6    2.5  224.1    4.4  196.9    4.9   19.3    0.0    0.0    0.0    0.0    0.0   60.6  981.4 1006.3   11.5
202604201644   802   45.1    2.7  307.5    3.3  267.6    2.5   20.8    1.0    0.0    0.0    0.0    0.0   52.1  989.3 1005.6   10.6
202604201644   803  275.7    4.3  270.2    6.6  298.0    3.1   18.3    0.0    0.0    0.0    0.0    0.0   63.0  986.1 1007.5   11.1
202604201644   804  262.0    3.8  268.6    6.2  249.0    3.1   20.8    0.0    0.0    0.0    0.0    0.0   54.0 1001.7 1006.0   11.2
202604201644   805  333.1    1.2  347.0    1.8   68.8    0.8   19.6    0.0    0.0    0.0    0.0    0.0   57.6  980.8 1006.9   11.0
202604201644   806  262.4    3.4  290.1    4.7  249.4    3.5   18.0    0.0    0.0    0.0    0.0    0.0   68.5 1004.9 1009.7   12.1
202604201644   807  253.7    3.4  277.3    5.2  243.9    4.0   19.0    0.0    0.0    0.0    0.0    0.0   64.0  994.8 1008.1   12.0
202604201644   808  259.5    3.8  256.5    4.7  259.8    4.5   19.7    0.0    0.0    0.0    0.0    0.0   69.1 1005.0 1006.3   13.9
202604201644   809   67.7    2.1   72.5    2.8   41.0    2.6   16.1    1.0    0.0    0.0    0.0    0.0   81.4  984.8 1008.7   12.9
202604201644   810  304.0    2.9  336.2    4.5  279.6    2.9   20.5    0.0    0.0    0.0    0.0    0.0   63.6 1004.3 1008.9   13.4
202604201644   811  305.6    2.3  317.8    2.8  306.3    1.6   20.1    0.0    0.0    0.0    0.0    0.0   66.1 1003.2 1007.0   13.6
202604201644   812  275.1    2.0  237.3    2.7  273.9    2.1   21.4    0.0    0.0    0.0    0.0    0.0   58.7 1003.2 1008.0   13.0
202604201644   813  290.9    3.4  302.6    4.5  307.2    3.9   20.6    0.0    0.0    0.0    0.0    0.0   61.1  998.4 1007.4   12.8
202604201644   814  261.0    2.8  272.0    3.3  249.8    3.3   16.5    1.0    0.0    0.0    0.0    0.0   72.3  972.6 1007.6   11.5
202604201644   815  255.0    5.2  275.0    8.3  283.6    2.7   18.3    0.0    0.0    0.0    0.0    0.0   65.5  996.6 1008.5   11.7
202604201644   816  280.0    2.0  329.0    2.7  281.0    2.5   19.9    0.0    0.0    0.0    0.0    0.0   62.2 1000.4 1005.3   12.5
202604201644   817  254.0    4.8  297.0    6.6  236.5    3.6   18.4    0.0    0.0    0.0    0.0    0.0   62.4  961.7 1005.2   11.1
202604201644   818  237.6    1.5  201.2    2.5  203.7    1.3   15.3    1.0    0.0    0.0    0.0    0.0   84.7  982.5 1007.9   12.7
202604201644   819  231.7    2.7  195.4    4.1  191.5    2.9   18.5    0.0    0.0    0.0    0.0    0.0   63.3  983.5 1007.0   11.4
202604201644   820  294.3    7.0  295.5    9.3  294.4    6.3   18.2    0.0    0.0    0.0    0.0    0.0   70.6 1000.1 1009.0   12.8
202604201644   821  257.1    2.0  274.2    2.8  244.8    3.1   16.0    0.0    0.0    0.0    0.0    0.0   78.9  997.8 1008.5   12.3
202604201644   822  304.2    3.4  270.2    5.8  302.2    4.0   17.9    0.0    0.0    0.0    0.0    0.0   73.9  999.9 1009.2   13.2
202604201644   823  264.3    4.4  251.0    6.0  255.5    3.2   19.0    0.0    0.0    0.0    0.0    0.0   68.5  997.4 1006.9   13.1
202604201644   824  288.7    3.8  306.0    5.0  279.5    3.8   19.5    0.0    0.0    0.0    0.0    0.0   63.1  994.1 1007.4   12.3
202604201644   825  339.8    1.6  334.8    2.8  310.8    2.6   20.5    0.0    0.0    0.0    0.0    0.0   61.5 1005.3 1008.8   12.9
202604201644   826    1.4    4.1    0.0    6.0  355.7    4.8   19.5    0.0    0.0    0.0    0.0    0.0   65.0  993.1 1008.3   12.8
202604201644   827  289.2    2.3  287.1    3.1  298.4    1.2   21.6    0.0    0.0    0.0    0.0    0.0   55.2 1000.2 1007.3   12.2
202604201644   828  240.6    3.2  273.0    5.8  301.7    3.2   21.1    0.0    0.0    0.0    0.0    0.0   55.2 1005.2 1008.1   11.8
202604201644   829  300.9    4.6  297.1    5.7  302.3    4.1   19.6    0.0    0.0    0.0    0.0    0.0   63.3  998.8 1007.3   12.4
202604201644   830  260.7    3.6  280.2    5.6  266.7    4.1   20.5    0.0    0.0    0.0    0.0    0.0   58.5 1002.2 1007.4   12.1
202604201644   831  181.0    1.0  137.8    1.6  190.6    2.3   15.6    0.0    0.0    0.0    0.0    0.0   64.4  -99.7  -99.9    8.9
202604201644   832  284.3    6.7  285.1    9.4  281.1    7.3   17.7    0.0    0.0    0.0    0.0    0.0   75.2  999.2 1007.0   13.3
202604201644   833  251.2    4.3  242.5    6.3  241.5    3.9   16.6    0.0    0.0    0.0    0.0    0.0   74.9  987.6 1008.0   12.1
202604201644   834  282.9    5.4  270.2    7.6  277.8    5.7   13.1    1.0    0.0    0.5    0.5    0.5   89.5  975.0 1008.4   11.4
202604201644   835  255.8    3.2  260.3    4.2  283.1    3.8   17.7    0.0    0.0    0.0    0.0    0.0   69.6  985.6 1007.1   12.1
202604201644   836  278.4    1.7  320.2    2.3  211.0    2.2   17.1    0.0    0.0    0.0    0.0    0.0   73.1  970.0 1006.4   12.2
202604201644   837  306.3    1.3  253.3    2.0  293.6    1.8   18.3    0.0    0.0    0.0    0.0    0.0   66.9  986.1 1007.8   12.0
202604201644   838  278.2    3.5  281.4    4.5  279.2    4.2   13.4    1.0    0.0    0.5    0.5    0.5   85.4  955.9 1008.3   11.0
202604201644   839  275.9    6.0  282.4    9.8  269.3    4.5   20.0    0.0    0.0    0.0    0.0    0.0   61.7  991.8 1006.7   12.4
202604201644   840  260.4    2.6  260.1    2.8  218.4    1.8   20.5    0.0    0.0    0.0    0.0    0.0   64.2  998.2 1006.4   13.5
202604201644   841   53.3    3.0  119.5    4.1   21.5    2.4   19.6    0.0    0.0    0.0    0.0    0.0   63.9  990.2 1006.2   12.6
202604201644   842  226.1    1.6  222.5    2.3  224.1    1.7   19.4    0.0    0.0    0.0    0.0    0.0   64.6  987.5 1007.2   12.6
202604201644   843  282.0    6.4  297.3    8.0  292.7    3.5   20.2    0.0    0.0    0.0    0.0    0.0   52.5  979.7 1004.9   10.2
202604201644   844  255.1    2.8  249.6    4.6  260.8    2.1   21.4    0.0    0.0    0.0    0.0    0.0   51.9 1003.4 1006.0   11.1
202604201644   845  298.7    2.2  274.0    4.3  288.0    2.6   20.9    0.0    0.0    0.0    0.0    0.0   54.3 1004.2 1007.7   11.3
202604201644   846  311.3    1.4   20.2    2.7  281.4    1.5   20.5    0.0    0.0    0.0    0.0    0.0   55.8  999.1 1007.9   11.4
202604201644   847  326.0    2.8  316.1    4.8  305.1    3.0   19.1    0.0    0.0    0.0    0.0    0.0   63.0 1000.6 1008.8   11.9
202604201644   848  246.4    1.8  245.8    2.6  206.4    0.7   20.9    0.0    0.0    0.0    0.0    0.0   60.1  995.2 1007.2   12.9
202604201644   849  214.7    4.7  200.8    7.1  215.9    4.2   17.8    0.0    0.0    0.0    0.0    0.0   73.5  999.0 1008.9   13.0
202604201644   850  295.6    4.7  297.5    6.6  298.3    2.8   20.3    0.0    0.0    0.5    1.0    1.0   71.7 1006.6 1007.4   15.0
202604201644   851  100.1    1.8   53.9    2.8   96.8    3.4   21.5    0.0    0.0    0.0    0.0    0.0   49.6  996.1 1005.3   10.5
202604201644   852  259.4    4.4  257.8    6.8  250.3    4.3   21.8    0.0    0.0    0.0    0.0    0.0   48.5  999.7 1004.4   10.5
202604201644   853  102.5    2.5  158.3    3.2  275.1    2.7   16.1    0.0    0.0    0.0    0.0    0.0   67.2  943.4 1008.1   10.0
202604201644   854  255.0    4.3  306.0    7.0  235.4    3.7   19.7    0.0    0.0    0.0    0.0    0.0   69.8  988.0 1007.2   14.0
202604201644   855  340.3   12.5  337.3   13.7  335.5   12.3   14.3    0.0    0.0    0.0    0.0    0.0   94.2 1013.0 1013.5   13.4
202604201644   856  150.0    1.1  315.0    2.2   36.9    1.4   14.2    0.0    0.0    0.0    1.0    1.0   87.8  951.4 1010.8   12.2
202604201644   857  266.6    4.7  256.5    5.3  282.1    4.2   16.0    0.0    0.0    0.0    0.0    0.0   76.4 1010.2 1011.2   11.9
202604201644   858  342.0    4.2  359.9    5.7    1.5    3.9   12.1    0.0    0.0    0.0    0.0    0.0   78.1 1009.6 1013.8    8.4
202604201644   859  272.9    1.4  209.4    2.4  283.0    1.9   16.1    0.0    0.0    0.0    0.0    0.0   77.7  953.2 1007.6   12.2
202604201644   860  277.0    2.7  296.7    3.2  282.6    1.7   20.9    0.0    0.0    0.0    0.0    0.0   55.7 1000.7 1007.5   11.7
202604201644   861  260.5    5.5  252.8    7.4  258.1    6.2   14.0    0.0    0.0    0.0    0.0    0.0   94.3 1010.3 1012.8   13.1
202604201644   862  308.0    7.5  305.5    9.3  307.9    7.3   13.8    0.0    0.0    0.0    0.5    0.5   92.9  988.3 1011.5   12.7
202604201644   863  239.0    1.6  278.0    2.1  289.9    2.8   13.1    0.0    0.0    1.0    1.5    1.5   94.2 1007.1 1013.4   12.2
202604201644   864  265.9    3.1  259.1    4.4  247.9    3.1   10.7    0.0    0.0    0.0    2.0    2.0   85.7 1005.9 1012.5    8.4
202604201644   865  286.0    3.7  304.5    4.5  289.0    3.5   12.6    0.0    0.5    1.0    2.0    2.0   97.7  986.2 1014.0   12.2
202604201644   867  279.5    1.4  257.1    2.7  283.0    3.5    8.2    0.0    0.0    0.0    3.5    3.5  100.0  847.0 1013.2    8.2
202604201644   868  311.1    2.1  328.7    3.2  304.7    2.1    8.9    0.0    0.0    0.5    5.5    5.5   99.9  858.0 1013.2    8.9
202604201644   869  335.1    2.5   98.0    5.9  305.3    2.5    9.7    0.0    0.0    0.0    1.5    1.5  100.0  873.4 1014.4    9.7
202604201644   870  305.3    3.8  307.1    4.7  306.0    3.4    8.4    0.0    0.0    0.0    0.5    0.5  100.0  847.4 1011.7    8.4
202604201644   871    7.0    3.9    7.0    5.1    7.3    3.3    7.6    0.0    0.0    0.0    2.0    2.0  100.0  829.6 1013.1    7.6
202604201644   872  146.9    2.7  146.3    4.5  106.4    1.4   14.1    0.0    0.0    0.0    0.0    0.0   72.0  911.4 1009.2    9.1
202604201644   874  238.3    4.9  259.6    6.5  291.5    3.4   14.2    0.0    0.0    0.0    0.0    0.0   47.6  989.7 1009.0    3.2
202604201644   875  -99.9  -99.9  -99.9  -99.9  -99.9  -99.9  -99.9  -99.9  -99.9  -99.9  -99.9  -99.9  -99.9  -99.9  -99.9  -99.9
202604201644   876  242.0    5.2  275.0   10.9  236.2    4.1   21.3    0.0    0.0    0.0    0.0    0.0   49.0  998.2 1004.8   10.2
202604201644   877  209.5    3.7  214.4    5.0  226.2    4.4   12.9    0.0    0.0    0.0    0.5    0.5   82.7 1002.5 1009.6   10.0
202604201644   878  235.7    2.6  232.0    5.9  248.8    3.5   13.9    0.0    0.0    0.0    0.0    0.0   72.5  912.5 1004.4    9.0
202604201644   881  302.0    3.2  321.0    4.2  305.7    4.0   10.3    0.0    0.0    0.0    0.5    0.5   71.6 1013.2 1014.5    5.4
202604201644   882   62.5    8.3   23.5   10.4   64.4    8.6    9.2    0.0    0.0    0.0    0.0    0.0   82.8  997.8 1012.4    6.4
202604201644   883   39.2    4.9   27.4    7.9   30.5    5.7   11.1    0.0    0.0    0.5    2.0    2.0   99.6  962.2 1013.4   11.0
202604201644   885  152.2    2.0  152.9    3.6  161.6    2.8   18.6    0.0    0.0    0.0    2.5    2.5   74.8  983.1 1011.3   14.0
202604201644   886  288.0    3.9  323.0    6.5  291.8    4.6   10.6    0.0    0.0    0.0    0.5    0.5   73.4 1013.3 1014.0    6.0
202604201644   888  330.3    1.9  334.6    2.8  354.6    1.6   13.1    0.0    0.0    0.5    1.0    1.0   86.1  999.2 1010.7   10.8
202604201644   889  241.8    5.5  258.2    7.0  258.3    4.4   13.4    0.0    0.0    0.0    0.0    0.0   60.7 1008.2 1010.1    6.0
202604201644   890  273.7    4.4  261.3    5.8  274.4    4.4   16.8    0.0    0.0    0.0    1.0    1.0   88.2  979.0 1011.0   14.8
202604201644   892  314.8    7.2  320.6    7.9  322.0    6.8   16.2    0.0    0.0    0.0    0.0    0.0   90.2  999.4 1011.5   14.6
202604201644   893  263.6    1.0   97.0    2.1  174.1    1.6   13.5    0.0    0.0    0.0    0.0    0.0   87.7 1013.7 1014.3   11.5
202604201644   898  189.5    1.5  201.9    2.2  211.5    2.1   20.8    1.0    0.0    0.0    0.0    0.0   69.5 1007.8 1008.0   15.0
202604201644   899  287.0    3.7  292.6    4.4  303.3    3.5   20.2    0.0    0.0    0.0    0.0    0.0   61.9 1004.6 1008.5   12.7
202604201644   900  259.0    0.8  244.3    1.2  264.1    0.6   18.0    0.0    0.0    0.5    0.5    0.5   84.1  993.2 1006.9   15.3
202604201644   901  200.7    4.6  226.1    7.4  207.9    4.5   16.0    0.0    0.0    0.0    0.0    0.0   90.6  998.7 1006.7   14.5
202604201644   902  206.6    2.2  200.0    2.8  216.0    2.3   20.6    0.0    0.0    0.0    0.0    0.0   54.4  991.8 1007.6   11.1
202604201644   903   40.4    0.3   97.0    0.7  250.2    0.6   20.7    0.0    0.0    0.0    0.0    0.0   66.1 1005.8 1007.5   14.2
202604201644   904  209.1    4.2  205.7    5.0  203.0    3.7   19.9    0.0    0.0    0.0    0.0    0.0   72.7 1007.2 1007.3   14.9
202604201644   905  184.7    1.5  200.2    2.0  190.3    1.2   19.5    0.0    0.0    0.5    0.5    0.5   79.3  998.3 1008.0   15.8
202604201644   906  190.0    1.7  197.6    2.8  149.7    1.2   18.6    0.0    0.0    0.0    0.0    0.0   72.1  999.6 1010.1   13.5
202604201644   907  238.4    3.9  256.8    4.5  237.8    3.0   19.1    0.0    0.0    0.0    0.0    0.0   67.1 1005.3 1008.7   12.9
202604201644   908  263.8    3.1  277.1    4.7  266.3    3.4   19.9    0.0    0.0    0.0    0.0    0.0   69.4 1007.6 1009.0   14.1
202604201644   909  297.7    2.3  349.0    3.9  318.5    1.7   17.8    0.0    0.0    0.0    0.0    0.0   82.3  996.7 1009.5   14.7
202604201644   910  219.9    2.4  212.7    3.5  221.9    1.6   15.4    0.0    0.0    0.0    0.0    0.0   95.4  991.0 1007.3   14.7
202604201644   911  247.6    7.1  245.5    8.8  246.2    7.9   16.0    0.0    0.0    0.0    0.0    0.0   91.0 1001.4 1009.5   14.5
202604201644   912  268.8    3.8  265.2    5.0  271.9    4.7   16.6    0.0    0.0    0.0    0.0    0.0   78.7  994.6 1011.1   12.9
202604201644   913  247.1    2.1  231.7    3.2  240.4    2.8   19.5    0.0    0.0    0.0    0.0    0.0   66.6 1006.1 1008.4   13.1
202604201644   914  351.2    2.8    8.3    4.1  343.1    2.7   13.9    1.0    0.0    0.0    0.0    0.0   87.1  969.3 1010.6   11.8
202604201644   915  309.0    4.4  301.4    5.6  306.0    5.3   19.0    0.0    0.0    0.0    0.0    0.0   67.1  997.7 1007.6   12.8
202604201644   916  315.1    3.4  328.5    4.3  319.3    3.6   20.0    0.0    0.0    0.0    0.0    0.0   64.4 1001.6 1008.0   13.1
202604201644   917  288.3    1.4  301.2    2.6  273.6    2.4   20.3    0.0    0.0    0.0    0.0    0.0   58.0 1006.5 1009.5   11.8
202604201644   918  248.6    4.1  243.9    4.9  247.6    4.3   20.9    0.0    0.0    0.0    0.0    0.0   60.9 1008.0 1008.8   13.1
202604201644   919  297.0    0.5  298.2    1.0  278.3    1.3   20.8    0.0    0.0    0.0    0.0    0.0   63.5 1005.9 1009.4   13.6
202604201644   920  271.1    4.1  278.3    5.5  266.8    3.9   19.9    0.0    0.0    0.0    0.0    0.0   70.2 1007.7 1008.7   14.3
202604201644   921  161.1    2.1  151.4    2.6  191.7    1.8   18.0    0.0    0.0    0.0    0.0    0.0   84.1  999.1 1007.9   15.3
202604201644   922  206.1    0.6  183.1    1.0  133.0    0.8   19.2    0.0    0.0    0.0    0.0    0.0   69.1  991.8 1007.8   13.4
202604201644   923  238.2    2.1  242.4    3.8  233.1    2.7   20.5    1.0    0.0    0.0    0.0    0.0   68.2 1000.5 1008.1   14.4
202604201644   924  201.0    6.2  219.0    9.3  201.2    6.2   17.3    0.0    0.0    0.0    0.0    0.0   83.9 1005.0 1007.6   14.6
202604201644   925  166.5    2.4  174.1    3.4  191.5    2.0   20.0    0.0    0.0    0.0    0.0    0.0   72.8 1005.0 1006.0   15.0
202604201644   926  301.0    2.3  312.7    3.3  282.9    2.2   21.1    0.0    0.0    0.0    0.0    0.0   76.1 1007.4 1008.9   16.7
202604201644   927  233.7    0.9  229.0    1.2  234.3    1.1   21.0    0.0    0.0    0.0    0.0    0.0   58.6  992.7 1007.3   12.6
202604201644   929  296.7    4.1  311.7    6.3  271.9    3.2   20.1    0.0    0.0    0.0    0.0    0.0   62.8  993.8 1008.8   12.8
202604201644   930  289.6    4.1  287.6    5.2  271.4    4.1   19.9    0.0    0.0    0.0    0.0    0.0   69.9 1008.5 1009.3   14.2
202604201644   931  286.5    4.2  284.8    6.0  277.2    3.9   18.5    0.0    0.0    0.0    0.0    0.0   78.1 1000.9 1009.8   14.6
202604201644   932  325.6    4.6  351.7    6.2  321.3    4.9   19.9    0.0    0.0    0.0    0.0    0.0   67.3 1009.5 1010.0   13.7
202604201644   933  310.9    1.9  289.0    2.4  299.0    1.9   19.9    0.0    0.0    0.0    0.0    0.0   65.7 1006.2 1010.0   13.3
202604201644   934  175.7    0.8  169.7    1.1  257.4    0.8   20.7    0.0    0.0    0.0    0.0    0.0   59.5  998.8 1008.4   12.5
202604201644   935  244.8    4.9  238.5    5.4  246.7    4.1   20.3    0.0    0.0    0.0    0.0    0.0   61.0 1006.1 1008.8   12.5
202604201644   936  284.9    5.0  282.1    6.8  273.2    4.2   19.6    0.0    0.0    0.0    0.0    0.0   57.0 1002.1 1009.2   10.9
202604201644   937  205.2    1.0  243.5    2.0  227.0    0.7   18.4    0.0    0.0    0.0    0.0    0.0   84.1  997.5 1007.0   15.7
202604201644   938  302.8    1.3  276.7    2.4  280.1    1.9   19.6  -99.2    0.0    0.0    0.0    0.0   68.3  995.0 1008.2   13.6
202604201644   939  226.5    3.4  227.5    4.9  236.8    3.8   20.2    0.0    0.0    0.0    0.0    0.0   65.7 1002.3 1008.0   13.6
202604201644   940  191.2    2.6  216.0    4.1  213.0    2.2   20.3    0.0    0.0    0.0    0.0    0.0   64.8  999.6 1007.7   13.5
202604201644   941  217.3    1.6  225.2    2.5  232.9    2.1   20.7    0.0    0.0    0.0    0.0    0.0   67.6 1008.1 1008.9   14.5
202604201644   942  238.9    2.5  226.1    5.7  209.1    2.7   18.0    0.0    0.0    0.0    0.0    0.0   74.6  994.7 1009.2   13.4
202604201644   943  114.4    0.5   90.6    1.1  202.5    0.7   15.5    1.0    0.5    0.5    0.5    0.5   85.2  953.8 1006.6   13.0
202604201644   944  265.9    2.3  275.1    2.8  259.0    2.2   20.5    0.0    0.0    0.0    0.0    0.0   59.8 1006.9 1008.1   12.4
202604201644   945  220.6    3.1  213.0    4.4  251.5    3.7   16.7    0.0    0.0    0.0    0.0    0.0   66.6  983.4 1010.3   10.5
202604201644   946  102.2    3.4  104.3    4.5  119.2    2.5   15.5    0.0    0.0    0.0    0.0    0.0   75.5  972.4 1010.1   11.2
202604201644   947  249.2    1.4  246.3    2.0  264.7    1.1   17.7    0.0    0.0    0.0    0.0    0.0   74.7 1006.0 1009.6   13.2
202604201644   948   49.8    3.2   53.4    4.4   49.2    3.4   19.9    0.0    0.0    0.0    0.0    0.0   64.8  993.1 1009.3   13.1
202604201644   949  259.8    1.7  332.1    2.9   48.6    0.8   20.7    0.0    0.0    0.0    0.0    0.0   58.4 1007.0 1007.9   12.3
202604201644   950  136.2    2.0  114.7    2.8  176.4    2.3   17.8    0.0    0.0    0.0    0.0    0.0   81.0  992.1 1006.9   14.5
202604201644   951  303.4    2.5  310.6    4.3  303.8    3.0    9.5    0.0    0.0    0.0    2.0    2.0   89.8 1000.1 1012.9    7.9
202604201644   953  209.6    2.4  178.8    3.9  203.3    2.8   19.8    0.0    0.0    0.0    0.0    0.0   70.3 1004.6 1008.2   14.2
202604201644   954  242.0    3.7  260.0    5.1  201.9    2.3   19.9    0.0    0.0    0.0    0.0    0.0   75.8 1000.9 1007.2   15.5
202604201644   955  280.3    8.5  287.8    9.7  281.9    9.0    9.1  -99.7  -99.9  -99.9  -99.9  -99.7   68.7 1010.5 1012.7    3.7
202604201644   956  299.6   12.5  301.8   13.8  299.2   11.5    8.2  -99.7  -99.9  -99.9  -99.9  -99.7   65.5 1011.1 1013.1    2.1
202604201644   957  309.1   11.8  309.3   12.7  315.8   10.4    6.4    0.0  -99.9  -99.9  -99.9  -99.7   58.3 1003.1 1014.8   -1.2
202604201644   958   13.5    7.6   13.1    9.1   10.8    7.9    9.4  -99.7  -99.9  -99.9  -99.9  -99.7   72.6 1012.6 1014.4    4.7
202604201644   959  323.8   11.3  248.9   12.6  323.3   10.8   11.4  -99.7  -99.9  -99.9  -99.9  -99.7   84.9 1012.5 1014.0    9.0
202604201644   960   65.6    4.1   62.6    4.3   89.9    4.0   18.9  -99.7  -99.9  -99.9  -99.9  -99.7   74.6 1009.6 1011.7   14.3
202604201644   961  264.0    8.6  264.3    9.3  264.8    8.8   16.3  -99.7  -99.9  -99.9  -99.9  -99.7   84.0 1007.9 1011.1   13.6
202604201644   963  224.6    5.3  224.2    5.7  212.1    7.8   18.5  -99.7  -99.9  -99.9  -99.9  -99.7   79.9 1006.4 1008.3   15.0
202604201644   964  274.1    4.0  280.4    5.0  290.1    3.4   14.2    0.0    0.0    0.0    0.0    0.0   79.9 1006.5 1012.5   10.8
202604201644   965  353.6    1.6   30.0    3.0  338.2    2.9    8.3    0.0  -99.9  -99.9  -99.9  -99.2   98.7  -99.7  -99.9    8.1
202604201644   966  274.9   13.3  280.1   14.9  274.1   12.3    8.5    0.0    0.0    0.0    0.0    0.0   56.5 1006.2 1010.8    0.3
202604201644   967  283.9   10.6  283.2   12.5  287.8   11.2    9.0    0.0    0.0    0.0    0.0    0.0   59.9 1003.6 1012.1    1.6
202604201644   970  259.4    3.9  256.7    5.0  281.7    6.3   13.3    0.0    0.0    0.0    0.0    0.0   44.7  987.7 1008.9    1.5
202604201644   972  238.6    1.7  222.2    3.2  244.2    1.6   18.4    0.0    0.0    0.0    0.0    0.0   63.4  998.2 1008.5   11.3
202604201644   973  266.1    4.7  254.3    5.7  260.5    4.3   12.9    0.0    0.0    0.0    0.0    0.0   83.0 1007.4 1012.2   10.1
202604201644   974  316.4    3.2  313.1    3.9  311.5    3.2   20.4    0.0    0.0    0.0    0.0    0.0   64.4 1006.9 1008.9   13.5
202604201644   977  242.5    4.2  259.8    5.4  254.7    4.6   12.6    0.0    0.0    0.0    0.1    0.1   77.2 1006.0 1010.8    8.7
202604201644   978  180.5    4.6  179.9    6.1  184.4    3.9   13.9    0.0    0.0    0.0    2.3    2.3   83.4  991.7 1008.3   11.1
202604201644   980  148.0    3.0  301.4    5.1  286.9    4.3   20.6    0.0    0.0    0.0    0.0    0.0   60.2  994.7 1010.3   12.6
202604201644   984  243.6    8.8  236.5   10.1  243.9    8.9   16.8  -99.7  -99.9  -99.9  -99.9  -99.7   86.1 1004.3 1008.5   14.5
202604201644   989  313.8    7.1  325.9   10.1  313.3    6.1   14.1    0.0    0.0    0.0    0.0    0.0   92.5 1000.6 1011.4   12.9
202604201644   990  137.1    5.9  120.5    8.0   54.4    6.2   12.9    0.0    0.0    0.0    0.0    0.0   94.2 1004.6 1013.9   12.0
202604201644   991  294.0    0.4  233.3    0.7  276.5    1.6   21.3    0.0    0.0    0.0    0.0    0.0   65.7 1005.1 1008.3   14.6
202604201644   992  303.7    3.5  292.1    4.4  298.4    3.7   20.9    0.0    0.0    0.0    0.0    0.0   59.7 1003.9 1008.0   12.8
202604201644   993   41.1    5.6   46.9    8.2   35.4    6.3   11.4    0.0    0.0    0.5    1.5    1.5  100.0  980.5 1013.6   11.4
202604201644   994  312.3    7.9  312.2    8.2  318.8    8.0   10.7    0.0    0.0    0.0    0.0    0.0   75.4 1013.9 1014.3    6.5
202604201644   995  254.2    2.9  254.3    4.4  249.5    2.4   19.6    0.0    0.0    0.0    0.0    0.0   63.7  996.5 1005.8   12.5
202604201644   996  273.5    4.0  278.4    5.3  262.6    4.3   12.6    1.0    0.0    0.5    0.5    0.5   95.3  966.9 1009.1   11.9
#7777END
