#START7777
#--------------------------------------------------------------------------------------------------
#  WD1    : 1분 평균 풍향 (degree) : 0-N, 90-E, 180-S, 270-W, 360-무풍 
#  WS1    : 1분 평균 풍속 (m/s) 
#  WDS    : 최대 순간 풍향 (degree) 
#  WSS    : 최대 순간 풍속 (m/s) 
#  WD10   : 10분 평균 풍향 (degree) 
#  WS10   : 10분 평균 풍속 (m/s) 
#  TA     : 1분 평균 기온 (C) 
#  RE     : 강수감지 (0-무강수, 0이 아니면-강수) 
#  RN-15m : 15분 누적 강수량 (mm) 
#  RN-60m : 60분 누적 강수량 (mm) 
#  RN-12H : 12시간 누적 강수량 (mm) 
#  RN-DAY : 일 누적 강수량 (mm) 
#  HM     : 1분 평균 상대습도 (%) 
#  PA     : 1분 평균 현지기압 (hPa) 
#  PS     : 1분 평균 해면기압 (hPa) 
#  TD     : 이슬점온도 (C) 
#  *) -50 이하면 관측이 없거나, 에러처리된 것을 표시 
#--------------------------------------------------------------------------------------------------
# YYMMDDHHMI   STN    WD1    WS1    WDS    WSS   WD10   WS10     TA     RE RN-15m RN-60m RN-12H RN-DAY     HM     PA     PS     TD
#        KST    ID    deg    m/s    deg    m/s    deg    m/s      C      1     mm     mm     mm     mm      %    hPa    hPa     C
202604201646    90  274.0    5.5  328.0    9.1  277.2    5.3   20.8    0.0    0.0    0.0    0.1    0.1   46.6 1000.9 1002.9    9.0
202604201646    92  280.0    9.3  300.0   14.1  270.0    9.1   19.5  -99.7    0.0    0.0    0.0    0.0   52.0  995.6 1003.2    9.4
202604201646    93  194.5    4.6  188.6    7.0  183.7    4.5   14.3    0.0    0.0    0.0    2.3    2.3   80.8  997.2 1008.5   11.0
202604201646    95  230.7    1.5  230.0    2.2  257.0    1.3   14.1    0.0    0.0    0.0    0.4    0.4   61.0  990.9 1009.3    6.7
202604201646    96  197.8    4.2  224.4   10.6  217.4    6.5   16.2  -99.2    0.0    0.0    0.0    0.0   91.8  994.4 1006.0   14.9
202604201646    98  246.6    4.8  197.0    7.1  258.4    4.2   14.7    0.0    0.0    0.0    0.5    0.5   38.4  996.0 1009.7    0.7
202604201646    99  350.0    3.6    2.7    4.8  341.9    3.2   14.3    0.0    0.0    0.0    0.0    0.0   44.3 1007.0 1010.6    2.3
202604201646   100  268.1    9.3  247.6   13.3  273.0   10.9   11.8    0.0    0.0    0.0    0.2    0.2   84.1  916.7 1004.5    9.2
202604201646   101  151.8    0.9  125.4    2.6  177.0    2.5   14.9    0.0    0.0    0.0    2.0    2.0   74.3  998.6 1007.6   10.4
202604201646   102  298.5    5.6  284.2   10.0  297.1    6.4    9.8    0.0    0.0    0.0    0.0    0.0   55.8 1008.1 1012.5    1.4
202604201646   104  191.7    3.4  261.1    4.8  240.3    5.0   19.7    0.0    0.0    0.0    0.0    0.0   57.2  994.1 1002.8   11.0
202604201646   105  227.3    5.8  217.2    9.6  243.3    4.2   20.5    0.0    0.0    0.0    0.0    0.0   51.8 1001.5 1004.6   10.3
202604201646   106  239.0    2.0  251.0    2.5  240.6    3.5   21.8    0.0    0.0    0.0    0.0    0.0   47.2 1000.0 1004.7   10.1
202604201646   108  227.2    4.1  212.5    5.3  210.3    4.1   14.2    0.0    0.0    0.0    0.8    0.8   60.5  999.9 1010.1    6.7
202604201646   110  270.0    6.0  290.0    8.3  260.0    6.4   14.3  -99.7    0.0    0.0    0.3    0.3   56.0 1008.6 1010.7    5.6
202604201646   112  289.0    5.1  257.9    7.4  277.6    4.1   12.8    0.0    0.0    0.0    0.0    0.0   51.7 1002.5 1010.8    3.1
202604201646   113  270.0    8.4  290.0   10.8  270.0    8.6   12.1  -99.7    0.0    0.0    0.0    0.0   55.0 1010.8 1011.7    3.3
202604201646   114  230.2    4.4  246.2    6.7  237.9    3.7   13.3    0.0    0.0    0.0    1.3    1.3   80.8  991.6 1009.4   10.1
202604201646   115  233.0    9.4  240.8   12.6  230.8    8.6   16.3    0.0    0.0    0.0    0.0    0.0   87.6  979.7 1005.4   14.2
202604201646   116  261.0    0.7   77.0    3.4  268.4    0.7    8.8    0.0    0.0    0.0    0.0    0.0   68.1  937.0 1009.9    3.2
202604201646   119  302.7    6.2  263.8    7.6  266.4    4.6   11.8    0.0    0.0    0.0    0.3    0.3   59.8 1006.1 1010.9    4.2
202604201646   121  241.6    3.1  225.4    5.8  252.9    2.8   15.2    1.0    0.0    0.1    0.1    0.1   77.6  980.2 1008.3   11.3
202604201646   127  256.8    3.0  270.2    4.1  253.4    2.9   13.3    0.0    0.0    0.0    1.6    1.6   78.7  995.8 1009.4    9.7
202604201646   129  285.6    7.3  270.6    7.3  285.1    6.4   10.6    0.0    0.0    0.0    0.3    0.3   51.6 1009.7 1012.8    1.0
202604201646   130  266.3    4.0  266.5    4.7  249.3    3.0   22.6    0.0    0.0    0.0    0.0    0.0   47.1  999.5 1005.1   10.8
202604201646   131  270.6    1.5  270.2    2.3  279.5    1.4   14.1    0.0    0.0    0.0    0.3    0.3   74.8 1003.5 1010.5    9.7
202604201646   133  293.8    2.8  331.6    4.4  309.4    3.2   13.4    0.0    0.0    0.0    0.2    0.2   74.6 1003.5 1011.6    9.0
202604201646   135  269.7    0.1  281.5    2.2  260.1    1.9   13.8    1.0    0.0    0.4    0.4    0.4   85.9  981.0 1009.8   11.5
202604201646   136  272.0    3.3  287.1    6.4  272.0    4.4   18.3    0.0    0.0    0.0    0.0    0.0   61.6  992.2 1008.6   10.8
202604201646   137  258.1    2.4  230.0    4.1  266.8    3.5   16.6    0.0    0.0    0.0    0.0    0.0   76.1  997.0 1008.3   12.4
202604201646   138  256.8    1.6  235.0    2.6  236.5    2.1   20.6    0.0    0.0    0.0    0.0    0.0   56.0 1006.4 1006.9   11.5
202604201646   140  300.4    4.3  297.8    6.9  278.4    4.8   10.1    0.0    0.0    0.0    0.4    0.4   74.2 1010.9 1014.3    5.7
202604201646   143  330.5    4.8  317.7    5.5  300.4    3.8   20.9    0.0    0.0    0.0    0.0    0.0   54.1 1001.1 1007.4   11.3
202604201646   146  227.1    3.6  228.8    5.1  230.5    4.2   10.0    0.0    0.0    0.0    1.2    1.2   87.8 1006.1 1013.4    8.1
202604201646   151  310.0    3.8  320.0    5.0  310.0    4.1   20.9  -99.7    0.0    0.0    0.0    0.0   71.0 1006.8 1007.8   15.5
202604201646   152  287.2    1.6  288.0    3.0  285.7    2.5   20.0    0.0    0.0    0.0    0.0    0.0   70.2  997.6 1007.0   14.4
202604201646   155  186.0    1.6  275.0    2.4  197.4    1.6   20.6    0.0    0.0    0.0    0.0    0.0   70.2 1004.4 1008.5   15.0
202604201646   156  247.9    2.0  239.7    2.8  256.8    2.3   12.9    0.0    0.0    0.0    0.0    0.0   82.6 1003.5 1011.9   10.0
202604201646   159  267.4    5.2  260.0    6.2  270.1    5.4   19.2  -99.2    0.0    0.0    0.0    0.0   71.2 1000.2 1008.3   13.9
202604201646   160  309.4    1.9  315.2    2.4  280.0    1.3   15.4    0.0    0.0    0.0    0.0    0.0   91.0  949.8 1008.5   13.9
202604201646   162  280.7    3.3  249.1    5.3  258.1    4.0   19.5    0.0    0.0    0.0    0.0    0.0   68.8 1004.9 1008.5   13.6
202604201646   163  340.0    7.4   10.0   10.4  340.0    6.5   11.4  -99.7    0.0    0.0    0.0    0.0   81.0 1013.0 1014.2    8.3
202604201646   165  316.6    8.0  348.0    9.7  324.5    8.4   11.0    0.0    0.0    0.0    0.0    0.0   78.5 1008.4 1013.8    7.4
202604201646   167  320.0    3.5  340.0    4.7  310.0    4.3   19.9  -99.7    0.0    0.0    0.0    0.0   66.0 1009.5 1010.6   13.4
202604201646   168  293.3    7.6  307.2   11.0  298.3    6.8   19.7    0.0    0.0    0.0    0.0    0.0   65.2 1002.4 1010.1   13.0
202604201646   169  338.0    9.6  349.0   11.5  336.7   10.5   10.9    0.0    0.0    0.0    0.0    0.0   82.0 1005.3 1014.4    7.9
202604201646   170  285.0    4.0  308.0    7.1  294.0    5.4   15.4    0.0    0.0    0.0    0.0    0.0   74.6 1007.9 1012.1   10.9
202604201646   172  311.2    5.2  298.5    6.7  306.9    4.9   10.1    0.0    0.0    0.0    0.3    0.3   92.4 1007.6 1014.0    8.9
202604201646   174  318.7    3.9  336.7    6.7  317.5    3.8   15.5    0.0    0.0    0.0    0.3    0.3   79.4  990.3 1009.7   12.0
202604201646   175  334.7   10.1  343.3   13.7  329.0    9.3    8.2    0.0    0.0    0.0    0.0    0.0   99.9  957.1 1013.8    8.2
202604201646   177  262.7    1.6  215.3    3.2  242.8    3.1   12.4    0.0    0.0    0.0    0.1    0.1   50.1 1007.8 1011.1    2.3
202604201646   181  219.3    3.4  224.3    4.0  270.4    2.3   13.3    0.0    0.0    0.0    0.2    0.2   73.8 1007.0 1011.0    8.7
202604201646   182  260.0    2.7  270.0    3.8  280.0    3.3   13.5  -99.7    0.0    0.0    0.0    0.0   91.0 1011.3 1014.3   12.1
202604201646   184  285.9    3.5  275.3    4.1  294.5    3.8   14.0    0.0    0.0    0.6    0.6    0.6   89.6 1011.0 1013.5   12.3
202604201646   185  320.9   10.5  341.5   12.9  339.4   11.2   12.9    0.0    0.0    0.0    0.0    0.0   88.3 1004.9 1013.5   11.0
202604201646   188  254.7    2.8  309.8    8.4  280.9    5.4   18.3    0.0    0.0    0.0    1.2    1.2   74.2 1009.7 1012.1   13.6
202604201646   189   42.0    2.8   72.0    4.4   32.5    2.2   22.0    0.0    0.0    0.0    0.0    0.0   62.7 1005.6 1011.6   14.6
202604201646   192  247.0    2.0  270.2    2.6  239.7    2.3   20.5    0.0    0.0    0.0    0.0    0.0   60.4 1005.7 1009.1   12.6
202604201646   201  256.3    2.6  273.0    3.4  262.4    4.1   14.1    0.0    0.0    0.0    0.1    0.1   35.1 1005.4 1011.1   -1.1
202604201646   202  274.0    2.0  264.6    3.9  261.5    3.1   13.9    0.0    0.0    0.0    0.2    0.2   69.2 1004.0 1009.6    8.4
202604201646   203  191.3    4.1  199.8    6.4  212.0    2.8   13.1    0.0    0.0    0.0    0.1    0.1   76.2 1000.9 1010.5    9.0
202604201646   211  163.6    4.6  166.0    6.6  177.2    3.6   14.7    0.0    0.0    0.0    2.0    2.0   73.3  982.7 1006.4   10.0
202604201646   212  209.9    1.8  213.8    3.2  220.4    1.8   15.0    0.0    0.0    0.0    0.2    0.2   68.6  991.9 1008.4    9.3
202604201646   216  202.0    3.3    5.0    6.3  197.3    2.4   14.5    0.0    0.0    0.0    0.0    0.0   71.9  924.5 1005.3    9.5
202604201646   217  181.5    3.6  222.7    6.7  191.3    3.6   14.8    1.0    0.0    0.2    0.2    0.2   73.6  970.9 1007.2   10.1
202604201646   221  245.5    3.1  253.3    4.5  247.4    3.7   13.2    0.0    0.0    0.4    1.3    1.3   81.7  977.8 1008.9   10.1
202604201646   226  313.8    2.0  306.7    2.6  298.8    2.5   13.9    0.0    0.0    0.2    0.5    0.5   84.6  990.2 1010.5   11.4
202604201646   229  302.2   12.6  306.2   15.9  305.5   12.0    8.2    0.0    0.0    0.0    0.0    0.0   59.7 1000.0 1012.7    0.8
202604201646   230  277.4    8.5  279.0   11.4  278.7    7.7    9.7    0.0    0.0    0.0    0.0    0.0   61.2 1011.9 1013.4    2.6
202604201646   232  272.0    2.0  273.0    3.2  263.9    2.8   11.8    0.0    0.0    0.0    0.4    0.4   78.2 1001.5 1011.7    8.1
202604201646   235   19.0    0.8  198.0    2.1  333.6    1.1   10.6    0.0    0.0    0.0    0.3    0.3   69.5 1011.7 1012.9    5.3
202604201646   236  287.4    2.7  278.6    5.2  274.5    2.5   12.8    0.0    0.0    0.0    0.0    0.0   56.1 1011.1 1012.7    4.3
202604201646   238  241.3    2.2  258.8    3.2  242.5    2.0   13.5    0.0    0.0    0.0    0.5    0.5   85.1  990.4 1010.5   11.0
202604201646   239  252.3    0.0  214.7    0.0  204.1    1.1   11.9    0.0    0.0    0.0    0.2    0.2   81.2 1000.4 1011.1    8.8
202604201646   243  293.2    2.6  267.3    3.6  301.6    3.3   10.6    0.0    0.0    0.0    0.2    0.2   69.1 1012.7 1014.2    5.2
202604201646   244  346.2    2.1    8.3    2.9  345.7    2.3   11.5    0.0    0.0    0.0    0.0    0.0   84.5  982.8 1012.2    9.0
202604201646   245  303.0    3.6  330.0    5.4  328.3    3.5   10.6    0.0    0.0    0.0    0.3    0.3   81.3 1005.9 1014.2    7.5
202604201646   247  359.2    1.2  104.0    2.4  332.8    1.6   13.4    0.0    0.0    0.0    0.0    0.0   77.1  995.8 1011.7    9.5
202604201646   248  334.1    2.3  323.7    3.5  317.5    2.3   13.2    0.0    0.0    0.0    0.0    0.0   86.6  963.7 1011.2   11.0
202604201646   251  338.3    4.1  326.5    7.3  317.6    3.6   11.1    0.0    0.0    0.0    0.8    0.8   82.0 1006.5 1013.6    8.1
202604201646   252  333.9    2.6  331.8    4.2  334.5    3.3   10.1    0.0    0.0    0.0    0.0    0.0   77.0 1009.9 1014.4    6.3
202604201646   253  290.4    2.6  290.0    3.4  264.6    2.4   20.6    0.0    0.0    0.0    0.0    0.0   67.9 1002.6 1008.9   14.5
202604201646   254  343.1    2.9  207.3    3.9  325.9    3.4   13.0    0.0    0.0    0.0    0.0    0.0   75.6  997.3 1012.7    8.8
202604201646   255  121.5    1.1  121.5    1.8  171.8    1.3   19.6    1.0    0.0    0.0    0.0    0.0   76.9 1002.4 1008.3   15.4
202604201646   257  218.1    3.6  223.8    4.8  211.4    3.2   20.5    1.0    0.0    0.0    0.0    0.0   73.8 1006.7 1007.4   15.7
202604201646   258  296.3    5.1  298.9    6.2  296.6    4.3   17.0    0.0    0.0    0.0    0.0    0.0   80.5 1011.5 1011.7   13.6
202604201646   259  280.7    4.3  310.1    7.2  283.4    3.8   14.4    0.0    0.0    0.0    0.0    0.0   77.7 1010.7 1012.6   10.6
202604201646   260  123.2    2.7  290.0    2.8   41.1    3.3   15.0    0.0    0.0    0.0    0.0    0.0   85.2 1006.9 1012.1   12.5
202604201646   261  294.3    7.6  289.8    8.7  297.9    4.8   12.2    0.0    0.0    0.0    0.0    0.0   87.2 1012.1 1014.1   10.1
202604201646   262  189.0    1.4  329.0    3.1   57.8    1.7   17.7    0.0    0.0    0.0    0.0    0.0   76.4 1004.9 1011.0   13.5
202604201646   263  -99.9  -99.9  -99.9  -99.9  -99.9  -99.9  -99.9  -99.9  -99.9  -99.9  -99.9  -99.2  -99.9  -99.9  -99.9  -99.9
202604201646   264  316.0    4.2  317.9    5.3  327.9    4.0   15.9    1.0  -99.9  -99.9  -99.9  -99.2   74.0  993.0 1010.9   11.3
202604201646   266  245.7    4.1  262.4    6.0  259.8    3.8   19.4    0.0    0.0    0.0    0.0    0.0   72.2 1000.1 1010.4   14.3
202604201646   268   31.4    5.0  339.3    7.5  323.6    4.3   11.9    0.0    0.0    0.0    0.0    0.0   78.4 1011.9 1013.1    8.3
202604201646   269   50.8    3.7   34.2    5.6   40.9    1.9    9.7    0.0    0.0    0.0    0.3    0.3   84.7 1011.6 1015.0    7.2
202604201646   271  295.1    4.5  306.7    6.4  289.9    2.9   17.7    0.0    0.0    0.0    0.0    0.0   63.7  969.3 1006.6   10.7
202604201646   272  238.7    2.1  244.8    4.1  267.5    2.2   16.2    0.0    0.0    0.0    0.0    0.0   78.8  982.9 1007.5   12.5
202604201646   273  302.1    4.5  315.2    6.4  302.7    4.0   16.6    0.0    0.0    0.0    0.0    0.0   75.1  987.7 1007.9   12.2
202604201646   276  291.2    4.8  276.3    5.9  294.4    5.3   18.6    0.0    0.0    0.0    0.0    0.0   63.8  982.7 1006.8   11.6
202604201646   277  304.8    5.6  309.6    8.1  294.1    5.3   21.5    0.0    0.0    0.0    0.0    0.0   52.1 1001.6 1006.3   11.3
202604201646   278  306.3    1.7  301.2    2.4  304.2    1.7   19.1    0.0    0.0    0.0    0.0    0.0   65.2  997.8 1007.3   12.4
202604201646   279  312.0    2.6  244.5    4.6  303.3    3.3   18.0    1.0    0.0    0.0    0.0    0.0   67.9 1003.2 1009.0   12.0
202604201646   281  315.0    2.8  323.7    4.9  295.3    1.9   19.6    0.0    0.0    0.0    0.0    0.0   63.4  997.0 1008.1   12.5
202604201646   283  286.8    2.8  288.7    3.3  287.1    2.6   20.3    0.0    0.0    0.0    0.0    0.0   63.3 1003.0 1007.7   13.1
202604201646   284  305.9    2.7  301.9    6.7  315.8    4.3   17.8    0.0    0.0    0.0    0.0    0.0   70.9  982.3 1008.8   12.5
202604201646   285  244.5    1.0  239.1    1.7  228.9    1.1   20.3    0.0    0.0    0.0    0.0    0.0   63.8 1006.0 1009.1   13.2
202604201646   288  282.3    1.3  245.9    2.8  252.9    2.7   21.5    0.0    0.0    0.0    0.0    0.0   63.3 1005.6 1006.6   14.2
202604201646   289  307.4    2.7  326.5    4.4  313.7    3.1   17.8    0.0    0.0    0.0    0.0    0.0   72.6  994.6 1010.7   12.8
202604201646   294  248.6    2.2  247.6    3.2  241.0    2.3   19.9    0.0    0.0    0.0    0.0    0.0   69.9 1004.3 1009.5   14.2
202604201646   295  293.8    1.8  317.7    2.5  315.1    2.2   20.0    0.0    0.0    0.0    0.0    0.0   65.0 1004.6 1009.9   13.2
202604201646   296  221.7    3.5  212.5    4.4  199.3    3.3   20.3    0.0    0.0    0.0    0.0    0.0   78.7 1007.3 1007.6   16.5
202604201646   300  335.3   11.0  343.5   12.3  340.0   10.3    9.8    0.0    0.0    0.0    0.5    0.5   70.4 1008.5 1013.9    4.7
202604201646   301  320.0    4.9  337.0    6.7  325.5    3.2   10.7    0.0    0.0    0.0    0.0    0.0   80.5 1013.0 1014.1    7.5
202604201646   302  357.0    3.4   26.0    5.2    2.4    4.8   12.0    0.0    0.0    0.0    0.0    0.0   81.1 1013.5 1014.2    8.9
202604201646   303  311.2   13.5  312.3   17.1  310.0   13.3   10.4    0.0    0.0    0.0    0.0    0.0   87.2 1001.2 1014.0    8.4
202604201646   304  347.0    4.6    1.0    6.3  353.7    6.6   15.5    0.0  -99.9  -99.9  -99.9  -99.2   79.1 1009.2 1012.2   11.9
202604201646   305   70.2    3.4   70.2    4.9   70.2    3.6   14.9    0.0    0.0    0.0    0.0    0.0   90.8 1009.0 1013.2   13.4
202604201646   306  268.9    4.1  260.4    6.1  254.8    4.1   19.1    0.0    0.0    0.0    0.0    0.0   70.8 1009.0 1009.4   13.7
202604201646   308  332.1    9.3  330.4   10.5  337.7    8.6   11.3    0.0  -99.9  -99.9  -99.9  -99.2   91.2 1012.1 1013.1    9.9
202604201646   309  289.0    3.4  273.3    5.9  281.5    3.4   14.8    0.0    0.0    0.0    0.0    0.0   27.1 1007.3 1010.3   -4.0
202604201646   310  181.8    3.2  190.0    4.1  127.4    3.0   21.7    0.0    0.0    0.0    0.0    0.0   50.7 1001.8 1003.4   11.0
202604201646   311  146.0    2.9  166.0    3.6  161.8    1.0   15.5    0.0    0.0    0.0    0.0    0.0   71.1  941.0 1010.0   10.3
202604201646   312  201.5    3.2  180.8    4.6  207.3    1.8   18.8    0.0    0.0    0.0    0.0    0.0   60.8  976.8 1006.9   11.1
202604201646   313  238.0    3.0  307.0    5.2  250.1    2.3   19.9    0.0    0.0    0.0    0.0    0.0   68.8 1000.1 1008.2   14.0
202604201646   314  258.5    6.7  262.2   10.7  264.5    6.6    6.0    1.0    0.0    1.0    1.5    1.5   99.6  841.5 1009.6    5.9
202604201646   315  328.0    2.4   47.0    4.5  333.4    2.0    9.5    1.0    0.5    0.5    2.5    2.5   98.4  888.2 1011.0    9.3
202604201646   316  325.0    3.3  349.0    6.8  319.4    3.4    7.7    0.0    0.0    0.0    4.5    4.5  100.0  908.0 1013.0    7.7
202604201646   317  320.5    0.8  278.6    1.3   89.1    1.3   10.6    0.0    0.0    0.0    0.5    0.5   84.9 1000.0 1012.8    8.2
202604201646   318  218.0    4.7  214.4    8.3  218.8    3.1   10.8    0.0    0.0    0.0    0.0    0.0   84.9  909.0 1005.8    8.4
202604201646   319  182.4    7.4  179.9    9.8  178.8    6.4   19.8    0.0    0.0    0.0    0.0    0.0   62.6  997.6 1004.3   12.5
202604201646   320  297.7    8.1  303.4   12.0  280.7    9.5    6.5    0.0    0.0    0.0    0.0    0.0   98.1  862.6 1004.2    6.2
202604201646   321  218.1    3.4  224.8    4.6  243.6    3.0   14.6    0.0    0.0    0.0    2.0    2.0   78.0  976.9 1006.5   10.8
202604201646   322  308.5    2.7  291.6    3.6  327.6    3.5   12.7    0.0    0.0    0.0    0.0    0.0   74.3  981.9 1008.2    8.2
202604201646   323  283.9    6.1  280.3    9.6  276.3    7.2   13.0    0.0    0.0    0.0    0.5    0.5   55.8  976.2 1008.6    4.4
202604201646   324   45.1    2.8   42.0    4.2  322.7    1.9   13.9    1.0    0.0    0.0    1.5    1.5   87.2  991.1 1009.5   11.8
202604201646   325  246.0    3.1  261.0    5.0  250.4    3.2   12.9    0.0    0.0    0.5    2.0    2.0   79.2  982.6 1009.9    9.4
202604201646   326  116.7    2.0  115.5    3.0  111.8    1.4   13.5    0.0    0.0    0.0    0.0    0.0   77.0  985.6 1008.1    9.5
202604201646   327  316.5    2.8  323.2    3.5  309.7    1.8   13.6    0.0    0.0    0.0    0.0    0.0   80.6  998.6 1010.1   10.3
202604201646   328  323.9    8.9  318.4   11.6  332.0    6.1   18.9    0.0    0.0    0.0    0.0    0.0   70.2 1004.7 1011.8   13.4
202604201646   329  294.5    3.1  286.4    4.0  271.0    2.8   12.1    0.0    0.0    0.5    1.5    1.5   98.7  969.2 1013.6   11.9
202604201646   330  307.2    3.8  318.4    5.1  290.1    4.0   13.2    0.0    0.0    0.5    1.0    1.0   98.2  996.3 1013.5   12.9
202604201646   331  323.7    6.6  323.0    9.5  309.6    6.3   15.5    0.0    0.0    0.0    0.0    0.0   89.6  960.6 1010.3   13.8
202604201646   332  190.4    4.6  189.5    5.5  204.4    4.6   21.4    0.0    0.0    0.0    0.0    0.0   47.6  998.1 1003.8    9.8
202604201646   333  159.9    5.1  188.7    9.8  196.3    3.6   21.8    0.0    0.0    0.0    0.0    0.0   48.3 1001.3 1003.1   10.4
202604201646   334  230.0    1.6  280.1    3.2  223.8    3.1   21.5    0.0    0.0    0.0    0.0    0.0   44.7  999.0 1001.8    9.0
202604201646   335  265.4    6.1  259.7    8.0  266.2    4.2   11.9    0.0    0.0    0.0    2.0    2.0   86.2  961.6 1009.1    9.7
202604201646   336  208.1    5.9  215.8    8.1  215.0    5.6   13.9    0.0    0.0    0.0    0.0    0.0   85.3  983.9 1008.7   11.5
202604201646   337  268.2    4.3  292.1    6.0  256.5    3.1   13.2    0.0    0.0    0.0    1.0    1.0   85.3  985.5 1009.4   10.8
202604201646   338  196.8    1.5  202.6    3.6  192.2    2.2   11.6    0.0    0.0    0.0    2.0    2.0  100.0  952.9 1009.6   11.6
202604201646   339  235.6    2.2  226.2    4.3  238.6    1.7   13.3    0.0    0.0    0.0    0.5    0.5   89.5  979.6 1009.2   11.6
202604201646   340  291.2    2.5  281.5    4.3  226.6    1.5   14.5    0.0    0.0    0.0    0.0    0.0   90.5  993.0 1009.3   13.0
202604201646   341  258.1    3.7  282.3    6.4  255.6    3.5    9.8    0.0    0.0    0.0    2.0    2.0   87.1 1009.9 1013.9    7.8
202604201646   342  335.1    3.0  329.6    4.3  326.1    2.5   11.7    0.0    0.0    0.0    0.0    0.0   82.8 1007.3 1013.2    8.9
202604201646   343  288.5    1.5  229.7    3.6  287.3    2.0   15.4    0.0    0.0    0.0    0.0    0.0   46.5  999.9 1009.9    4.0
202604201646   344  241.0    2.4  292.0    3.5  243.1    2.7   13.6    1.0    0.0    0.5    1.5    1.5   84.0  996.5 1010.3   10.9
202604201646   345  215.1    5.2  215.7    5.9  229.5    4.7   13.9    1.0    0.0    0.0    0.5    0.5   82.8  994.9 1007.8   11.0
202604201646   346  304.1   13.7  310.8   19.7  299.7   10.0   20.7    0.0    0.0    0.0    0.0    0.0   51.6  996.4 1002.5   10.4
202604201646   347  214.5    3.3  242.8    4.3  248.1    1.1   12.3    0.0    0.0    0.0    0.5    0.5   79.9  992.3 1010.4    8.9
202604201646   348  262.7    6.8  257.0    9.2  237.8    4.5   21.1    0.0    0.0    0.0    0.0    0.0   51.1 1002.5 1003.2   10.6
202604201646   349  260.8    2.7  237.9    5.1  264.1    3.0   13.9    0.0    0.0    0.0    0.0    0.0   76.6  974.8 1007.0    9.9
202604201646   350  221.6    2.4  230.6    3.1  231.6    3.1   12.4    0.0    0.0    0.0    0.5    0.5   73.5  935.1 1004.8    7.8
202604201646   351  279.0    6.0  -99.2  -99.2  -99.9  -99.9   14.1    0.0    0.0    0.0    0.0    0.0  -99.7  -99.7  -99.9  -99.9
202604201646   352  295.0    2.6  -99.2  -99.2  248.0    2.5   13.9  -99.2    0.0    0.0    0.0    0.0  -99.2  -99.7  -99.9  -99.9
202604201646   355  251.7    6.3  274.5    9.3  259.7    4.0   11.3    0.0    0.0    0.0    0.5    0.5   77.5  500.0  -99.9    7.5
202604201646   356  255.5    5.4  257.6   12.6  246.5    4.9   10.6  -99.2    0.0    0.0    0.0    0.0   71.1  500.2  -99.9    5.6
202604201646   358  293.5    4.5  287.5   10.5  287.1    4.7   10.9    0.0    0.0    0.0    0.5    0.5   70.6  500.0  -99.9    5.8
202604201646   359  -99.9  -99.9  -99.9  -99.9  -99.9  -99.9  -99.9  -99.9  -99.9  -99.9  -99.9  -99.2  -99.9  -99.9  -99.9  -99.9
202604201646   360  146.6    1.1  223.2    8.6  233.2    1.6   13.6    0.0    0.0    0.0    3.0    3.0   67.3  500.0  -99.9    7.7
202604201646   361  247.8    5.7  292.1    9.4  297.0    3.1   14.6    0.0    0.0    0.0    0.0    0.0   67.7  500.0  -99.9    8.7
202604201646   363  253.1    3.6  219.9    5.1  229.3    3.9   17.6    0.0    0.0    0.0    0.0    0.0   62.7  990.6 1006.8   10.4
202604201646   364  324.1    5.4  153.6    8.7  283.0    2.5   13.2    0.0    0.0    0.0    0.5    0.5   56.9  500.0  -99.9    4.8
202604201646   365  213.8  -99.2  213.8  -99.2  -99.9  -99.9   12.6  -99.2    0.0    0.0    0.0    0.0  -99.2  -99.7  -99.9  -99.9
202604201646   366  241.8    2.5  283.1    8.1  257.3    2.2   12.8    0.0    0.0    0.0    0.0    0.0   66.6  500.0  -99.9    6.7
202604201646   367  241.8    3.8  231.2   13.7  240.4    4.7   12.7    0.0    0.0    0.0    0.0    0.0   54.1  500.0  -99.9    3.7
202604201646   368  267.2    0.0  -99.2  -99.2  265.8    2.6   13.9  -99.2    0.0    0.0    0.0    0.0   63.4  -99.7  -99.9    7.1
202604201646   369   84.0    3.3  247.4    8.8  179.3    2.3   12.7    0.0    0.0    0.0    0.5    0.5   60.4  500.0  -99.9    5.2
202604201646   370  216.1    4.7  234.8    8.8  236.0    4.0   10.2    0.0  -99.9  -99.9  -99.9  -99.2   89.3  500.0  -99.9    8.5
202604201646   371  298.7    2.0  287.9    8.1  288.9    2.5   11.3    0.0    0.0    0.0    0.5    0.5   67.2  500.0  -99.9    5.4
202604201646   372  266.0    4.9    0.0    6.7  285.2    3.8   16.6  -99.2    0.0    0.0    0.0    0.0   42.3  -99.7  -99.9    3.7
202604201646   373  -99.9  -99.9  -99.9  -99.9  -99.9  -99.9  -99.9  -99.2  -99.9  -99.9  -99.9  -99.9  -99.9  -99.9  -99.9  -99.9
202604201646   374  253.1    4.8  261.9   13.1  275.6    5.4   10.2  -99.2    0.0    0.0    0.5    0.5   70.7  500.0  -99.9    5.1
202604201646   375  274.0  -99.6  310.0  -99.6  251.2    1.0   15.3  -99.2    0.0    0.0    1.0    1.0   56.6  -99.7  -99.9    6.7
202604201646   376  268.4    1.7  329.1    2.5  278.7    2.7   12.5    0.0    0.0    0.0    0.0    0.0   53.7 1002.6 1010.8    3.4
202604201646   377  248.5    2.4  246.2    2.8  265.1    3.1   12.7    0.0    0.0    0.0    0.0    0.0   47.1 1007.3 1010.7    1.7
202604201646   378  211.0    7.2  228.0    8.7  214.1    6.5   12.4    1.0    0.0    0.5    0.5    0.5   87.1 1003.4 1011.9   10.3
202604201646   379  262.7    2.5  149.9    2.9    6.4    2.8   12.7    0.0    0.0    0.0    0.0    0.0   90.1  976.6 1011.0   11.1
202604201646   400  308.7    3.7  304.1    7.4  247.0    2.7   14.1    0.0    0.0    0.0    0.0    0.0   61.8 1009.0 1010.5    6.9
202604201646   401  309.1    3.0  319.6    5.6  290.8    2.3   13.9    0.0    0.0    0.0    0.0    0.0   52.6 1005.3 1009.2    4.4
202604201646   402  235.9    2.0  260.3    2.8  250.7    2.1   13.6    0.0    0.0    0.0    0.5    0.5   63.2 1002.7 1009.3    6.7
202604201646   403  235.0    2.7  246.0    4.0  232.1    3.3   14.1    0.0    0.0    0.0    0.5    0.5   56.4 1003.9 1010.3    5.6
202604201646   404  -99.9  -99.9  -99.9  -99.9  -99.9  -99.9  -99.9  -99.9  -99.9  -99.9  -99.9  -99.9  -99.9  -99.9  -99.9  -99.9
202604201646   405  238.1    2.0  249.6    2.6  220.4    2.0   13.8    0.0    0.0    0.0    0.0    0.0   53.0 1007.2 1009.9    4.4
202604201646   406  241.0    1.5  250.0    2.5  279.0    1.1   14.2    0.0    0.0    0.0    1.5    1.5   67.6 1003.3 1010.0    8.3
202604201646   407  226.0    1.9  211.0    3.4  217.2    1.6   14.3    0.0    0.0    0.0    0.5    0.5   65.5 1007.3 1010.3    7.9
202604201646   408  235.0    3.0  239.0    4.1  242.4    2.8   14.2    0.0    0.0    0.0    0.5    0.5   59.7 1004.4 1010.8    6.5
202604201646   409  237.6    4.1  225.0    5.6  228.0    3.8   13.6    0.0    0.0    0.0    0.5    0.5   60.5 1004.6 1009.3    6.1
202604201646   410  253.5    3.5  315.2    4.7  268.0    3.3   12.2    0.0    0.0    0.0    0.0    0.0   52.3 1005.4 1010.4    2.7
202604201646   411  267.3    5.5  244.9    6.9  281.4    3.9   12.9    0.0    0.0    0.0    0.5    0.5   59.8  997.5 1009.5    5.3
202604201646   412  293.1    1.2  334.4    2.3  280.0    1.9   12.7    0.0    0.0    0.0    0.5    0.5   61.0  998.1 1010.4    5.4
202604201646   413  234.0    1.3   28.0    2.8  267.7    2.2   14.7    0.0    0.0    0.0    0.5    0.5   57.0 1006.7 1010.3    6.3
202604201646   414  219.8    2.5  197.9    6.7  208.2    3.0   13.1    0.0    0.0    0.0    1.0    1.0   64.7  994.2 1009.5    6.6
202604201646   415  165.2    5.2  135.1    6.7  180.0    3.7   14.3    0.0    0.0    0.0    0.0    0.0   53.0 1006.4 1010.2    4.9
202604201646   416  325.4    0.8  329.9    1.4  277.2    1.8   14.7    0.0    0.0    0.0    2.0    2.0   61.3 1002.3 1008.8    7.3
202604201646   417  -99.9  -99.9  -99.9  -99.9  -99.9  -99.9  -99.9  -99.9  -99.9  -99.9  -99.9  -99.9  -99.9  -99.9  -99.9  -99.9
202604201646   418  246.7    2.4  235.8    4.1  238.1    4.0   14.0    0.0    0.0    0.0    0.0    0.0   59.0 1009.0 1010.3    6.1
202604201646   419  221.6    1.9  221.7    3.9  209.9    1.7   13.2    0.0    0.0    0.0    0.0    0.0   63.5  978.3 1009.7    6.4
202604201646   421  229.0    3.8  224.2    5.4  257.6    3.6   13.7    0.0    0.0    0.0    0.0    0.0   58.0 1005.6 1009.7    5.6
202604201646   423  249.0    2.3  311.0    4.1  270.5    3.0   13.9    0.0    0.0    0.0    0.0    0.0   49.0 1004.3 1011.0    3.4
202604201646   424   43.4    1.3  182.0    2.2  315.1    1.2   13.2    0.0    0.0    0.0    2.0    2.0   70.2 1001.4 1009.7    7.9
202604201646   425  293.0    1.3  325.3    1.9  249.6    2.0   12.5    0.0    0.0    0.0    0.0    0.0   56.9  997.1 1010.6    4.2
202604201646   426  300.5   11.4  299.7   14.7  294.0   10.7    9.5    0.0    0.0    0.0    0.0    0.0   59.2  995.1 1012.9    1.9
202604201646   427  281.3    5.7  277.7    7.9  276.9    4.9   15.2    0.0    0.0    0.0    0.0    0.0   43.5 1009.1 1010.2    2.9
202604201646   428  211.6    0.3  269.3    0.9  222.4    1.3   13.3    0.0    0.0    0.0    0.0    0.0   71.4 1006.4 1009.2    8.2
202604201646   430  287.0    5.1  318.3    9.6  282.6    4.3   10.8    0.0    0.0    0.0    0.0    0.0   72.3  500.0  -99.9    6.0
202604201646   431  221.8    2.9  265.1    4.8  304.4    2.1   14.0  -99.2    0.0    0.0    2.0    2.0   59.4  -99.7  -99.9    6.2
202604201646   432  316.9    4.8  301.0   11.0  285.6    6.0   10.7    0.0    0.0    0.0    1.0    1.0   72.0  500.0  -99.9    5.9
202604201646   433  218.0    2.2  236.9    4.8  259.6    2.1   14.0  -99.2    0.0    0.0    0.0    0.0   45.8  -99.7  -99.9    2.5
202604201646   434  296.6    5.9  310.2    7.5  283.5    6.2   12.8  -99.2    0.0    0.0    0.5    0.5  -99.2  -99.7  -99.9  -99.9
202604201646   435  305.3    6.8  313.0    9.0  295.9    7.7   11.3  -99.2    0.0    0.0    0.0    0.0  -99.2  -99.7  -99.9  -99.9
202604201646   436  161.2    1.0  315.8    2.2  288.6    1.4   11.8    0.0    0.0    0.0    0.0    0.0   76.0  -99.7  -99.9    7.7
202604201646   437  259.0    2.3  267.9    4.5  289.2    2.5   13.7  -99.2    0.0    0.0    0.0    0.0   49.5  -99.7  -99.9    3.3
202604201646   438  293.1    3.4  245.3    5.3  273.3    4.3   12.8  -99.2    0.0    0.0    0.0    0.0   54.1  -99.7  -99.9    3.8
202604201646   439  290.9    3.0  253.8    5.1  264.9    2.4   12.4    0.0    0.0    0.0    0.5    0.5   72.2  -99.7  -99.9    7.5
202604201646   440  293.8    4.4  309.3   10.7  294.7    4.4   11.7  -99.2    0.0    0.0    0.0    0.0  -99.2  500.0  -99.9  -99.9
202604201646   441  206.9    0.8  -99.2  -99.2  244.6    1.9   14.9    0.0    0.0    0.0    0.0    0.0   55.5  500.0  -99.9    6.1
202604201646   442  187.0    1.8  251.4    6.8  224.9    1.9   13.0  -99.2    0.0    0.0    0.0    0.0   69.7  500.0  -99.9    7.6
202604201646   443   23.5    3.3  315.8    5.1  353.8    2.7    9.5  -99.2    0.0    0.0    0.5    0.5   80.5  -99.7  -99.9    6.3
202604201646   444   68.6    1.5  214.5    4.3   71.0    1.0   13.7    0.0    0.0    0.0    0.0    0.0   70.0  500.0  -99.9    8.3
202604201646   445  274.0    4.8  263.5    9.0  288.6    3.7   12.2    0.0    0.0    0.0    0.0    0.0   73.3  500.0  -99.9    7.6
202604201646   446  271.8    5.0  325.2    8.2  268.8    2.9   11.7    0.0    0.0    0.0    0.5    0.5   81.7  500.0  -99.9    8.7
202604201646   447  209.1    0.0  137.1    8.9  121.1    0.7   12.6    0.0    0.0    0.0    0.0    0.0   83.1  500.0  -99.9    9.8
202604201646   448  -99.2    1.7  -99.2    9.8  -99.9    3.4   12.4    0.0    0.0    0.0    0.0    0.0   73.4  500.0  -99.9    7.8
202604201646   449  239.4    3.2  222.8    5.4  247.3    2.9   14.2  -99.2    0.0    0.0    0.0    0.0   70.9  -99.7  -99.9    9.0
202604201646   450  308.4    4.5  279.2    5.6  307.4    4.6   14.6    0.0    0.0    0.0    1.0    1.0   59.1  -99.7  -99.9    6.7
202604201646   451  262.5    0.9  115.6    1.9  253.1    1.1   13.7  -99.2    0.0    0.0    1.0    1.0   67.0  -99.7  -99.9    7.7
202604201646   452  108.9    4.3  101.5    6.1   99.4    3.2   15.0  -99.2    0.0    0.0    1.0    1.0   55.8  -99.7  -99.9    6.2
202604201646   453  270.8    4.2  265.1    5.7  273.4    3.4   13.8    0.0    0.0    0.0    0.0    0.0  -99.2  -99.7  -99.9  -99.9
202604201646   454  244.7    5.6  -99.2  -99.2  211.6    5.1   15.0  -99.2    0.0    0.0    0.0    0.0  -99.2  -99.7  -99.9  -99.9
202604201646   455  271.8    3.1  282.0    4.8  273.5    4.0   14.5    0.0    0.0    0.0    5.0    5.0   67.5  -99.7  -99.9    8.6
202604201646   456  300.1    4.6  307.4    6.7  285.1    2.7   15.1    0.0    0.0    0.0    0.0    0.0   37.0  -99.7  -99.9    0.5
202604201646   457   83.3    3.3   87.4    5.2  100.8    2.3   14.1  -99.2    0.0    0.0    0.0    0.0   68.0  -99.7  -99.9    8.3
202604201646   458  271.4    1.1  262.3    1.5  259.5    1.0   13.9    0.0    0.0    0.0    0.5    0.5   69.2  -99.7  -99.9    8.4
202604201646   459  304.0    3.2  298.9    5.7  302.8    3.9   13.2    0.0    0.0    0.0    0.0    0.0  -99.2  -99.7  -99.9  -99.9
202604201646   460  262.6  -99.2  291.0   10.4  -99.9  -99.9   11.7    0.0    0.0    0.0    0.0    0.0   73.9  500.8  -99.9    7.2
202604201646   461  328.0    2.3  228.4    3.7  290.6    2.6   12.3    0.0    0.0    0.0    0.5    0.5   74.6  -99.7  -99.9    7.9
202604201646   462  274.8    2.5  273.5    3.2  246.3    2.6   12.8  -99.2    0.0    0.0    0.5    0.5   76.4  -99.7  -99.9    8.8
202604201646   463  126.9    2.8  174.3    9.1  110.6    2.3   13.2    0.0    0.0    0.0    0.0    0.0   77.8  500.0  -99.9    9.4
202604201646   464   72.4    1.6   88.2    8.3   67.4    2.7   12.6    0.0    0.0    0.0    0.0    0.0   84.9  500.0  -99.9   10.1
202604201646   465  182.4    0.0  198.2   10.4  183.6    0.9   13.3    0.0    0.0    0.0    0.5    0.5   80.8  500.0  -99.9   10.1
202604201646   466  251.7    3.5  256.6   10.3  245.0    2.9   15.1    0.0    0.0    0.0    0.0    0.0   73.0  500.0  -99.9   10.3
202604201646   467   14.4    3.1   33.8    5.4   14.7    3.6   10.4  -99.2    0.0    0.0    0.0    0.0  -99.2  -99.7  -99.9  -99.9
202604201646   468  189.9    0.9  214.3    1.4  233.7    1.7   11.2    0.0    0.0    0.0    0.5    0.5   88.5  -99.7  -99.9    9.4
202604201646   469  115.3    0.0  169.2    0.0  129.4    1.7   10.9  -99.2    0.0    0.0    0.0    0.0  -99.2  -99.7  -99.9  -99.9
202604201646   470  -99.9  -99.9  -99.2  -99.2  -99.9  -99.9  -99.2  -99.2  -99.9  -99.9  -99.9  -99.2  -99.9  -99.9  -99.9  -99.9
202604201646   471  199.5    4.2  203.0    6.1  191.6    4.7   11.1    0.0    0.0    0.0    0.0    0.0  -99.2  -99.7  -99.9  -99.9
202604201646   472  282.0    7.1  287.6   10.1  286.1    6.6   10.7    0.0    0.0    0.0    0.0    0.0   67.9  -99.7  -99.9    5.0
202604201646   473  358.3    3.6   28.2    5.4  356.3    3.5   14.3  -99.2    0.0    0.0    1.0    1.0   55.6  -99.7  -99.9    5.5
202604201646   474  190.3    3.9  188.9    5.8  234.4    3.0   14.7    0.0    0.0    0.0    0.0    0.0  -99.2  -99.7  -99.9  -99.9
202604201646   475  242.4    3.0  195.5    8.8  281.5    3.7   14.3  -99.2    0.0    0.0    0.0    0.0   47.5  500.0  -99.9    3.3
202604201646   476  198.4    2.3  211.5    4.3  205.7    1.9   13.7    0.0    0.0    0.0    2.0    2.0   69.5  -99.7  -99.9    8.2
202604201646   477  -99.2  -99.2  -99.2  -99.2  -99.9  -99.9  -99.2  -99.2    0.0    0.0    0.0    0.0  -99.2  -99.7  -99.9  -99.9
202604201646   478  286.9    3.7  290.5    5.2  278.3    3.1   15.3    0.0    0.0    0.0    0.0    0.0  -99.2  -99.7  -99.9  -99.9
202604201646   479  286.8    4.5  296.1    6.2  263.7    5.0   15.5  -99.2    0.0    0.0    0.0    0.0  -99.2  -99.7  -99.9  -99.9
202604201646   480  252.8    4.3  256.6    6.6  249.5    4.3   15.7  -99.2    0.0    0.0    0.0    0.0   32.8  -99.7  -99.9   -0.6
202604201646   481  215.9    2.2  217.1    3.2  217.2    2.4   15.4    0.0    0.0    0.0    0.0    0.0  -99.2  -99.7  -99.9  -99.9
202604201646   482  328.6    1.9  335.6    2.5  320.8    2.1   15.5  -99.2    0.0    0.0    0.0    0.0   42.5  -99.7  -99.9    2.8
202604201646   483  252.1    4.7  231.2    5.8  275.4    2.7   15.5  -99.2    0.0    0.0    0.0    0.0  -99.2  -99.7  -99.9  -99.9
202604201646   484  266.0    2.6  267.9    3.5  254.4    3.2   12.7  -99.2    0.0    0.0    0.5    0.5   78.1  -99.7  -99.9    9.0
202604201646   485  298.1    1.1  318.7    2.4   39.3    3.4   14.1    0.0    0.0    0.0    0.5    0.5  -99.2  -99.7  -99.9  -99.9
202604201646   486  246.9    4.0  259.4    4.9  252.2    4.4   13.4    0.0    0.0    0.0    1.0    1.0  -99.2  -99.7  -99.9  -99.9
202604201646   487  315.6    2.1  335.6    3.9  336.5    2.2   14.7  -99.2    0.0    0.0    0.0    0.0  -99.2  -99.7  -99.9  -99.9
202604201646   488  203.9    4.3  199.7    8.9  239.5    3.6   11.8    0.0    0.0    0.0    0.0    0.0   64.4  500.0  -99.9    5.3
202604201646   489  294.6    3.6  279.2    6.0  286.4    3.6   11.4  -99.2    0.0    0.0    0.0    0.0   60.5  -99.7  -99.9    4.0
202604201646   491    1.4    6.9  358.5    9.3  348.5    4.3   15.3  -99.2    0.0    0.0    0.0    0.0   41.7  500.0  -99.9    2.4
202604201646   492  297.0    6.7  288.2   10.9  264.2    5.2   12.1  -99.2    0.0    0.0    0.0    0.0   53.2  500.0  -99.9    2.9
202604201646   493  267.9    4.5  264.5    6.0  253.1    3.9   12.0    0.0    0.0    0.0    0.0    0.0   64.3 1007.3 1011.5    5.5
202604201646   494  172.0    1.9  187.5    2.9  163.6    1.8   12.3    0.0    0.0    0.0    0.0    0.0   87.8  998.4 1011.1   10.3
202604201646   495  255.0    5.2  258.6    7.5  261.2    5.0   11.1    0.0    0.0    0.0    0.5    0.5   80.7 1009.7 1011.3    7.9
202604201646   496  170.6    1.4  201.8    2.1  228.8    2.7   12.5    0.0    0.0    0.0    0.0    0.0   80.9 1007.7 1011.0    9.3
202604201646   497  215.1    2.1  212.3    4.4  191.7    3.7   14.5    0.0    0.0    0.0    0.0    0.0   66.5  929.3 1004.2    8.3
202604201646   498  149.0    6.1  168.0    8.1  147.0    4.2    8.9    1.0    0.0    0.0    1.0    1.0   97.0  891.1 1006.4    8.4
202604201646   500  291.7    7.9  271.7    9.4  279.3    6.8   14.6    0.0    0.0    0.0    0.0    0.0   28.1 1004.7 1010.4   -3.7
202604201646   501  299.0    4.5  109.0    9.2  303.3    5.3   11.9    0.0    0.0    0.0    0.0    0.0   32.3 1011.7 1012.6   -4.2
202604201646   502  246.6    5.8  249.3    8.5  253.2    6.9   14.2    0.0    0.0    0.0    0.0    0.0   27.8 1009.2 1010.9   -4.2
202604201646   503   35.0    1.9   11.0    3.4  237.8    1.9   14.8    0.0    0.0    0.0    0.0    0.0   38.3 1008.2 1010.4    0.7
202604201646   504  232.1    4.6  225.1    5.7  238.1    4.2   14.1    0.0    0.0    0.0    2.0    2.0   57.6  997.0 1009.5    5.9
202604201646   505  256.5    2.2  260.4    4.1  272.9    3.4   12.9    0.0    0.0    0.0    2.5    2.5   78.6  989.9 1010.1    9.3
202604201646   506  269.7    5.7  264.1    7.5  268.1    5.4   14.4    0.0    0.0    0.0    0.0    0.0   44.8 1008.9 1010.4    2.6
202604201646   507  289.6    2.5  312.8    4.7  293.8    1.7   15.6    0.0    0.0    0.0    0.0    0.0   49.0 1000.2 1009.2    4.9
202604201646   508  285.1   10.4  287.8   13.5  286.1    9.8   10.8    0.0    0.0    0.0    0.0    0.0   56.9  993.6 1010.5    2.6
202604201646   509  239.3    1.7  261.3    2.4  226.8    2.1   12.8    0.0    0.0    0.0    0.0    0.0   56.1  992.6 1009.4    4.3
202604201646   510  283.0    2.3  300.5    3.8  203.4    2.4   13.5    0.0    0.0    0.0    0.0    0.0   54.5 1007.4 1010.4    4.5
202604201646   511  252.9    5.8  253.6    7.5  241.3    5.5   14.0    0.0    0.0    0.0    0.0    0.0   46.4 1009.9 1010.8    2.7
202604201646   512  301.5    4.3  324.2    6.1  295.1    4.0   11.9    0.0    0.0    0.0    0.0    0.0   56.3 1010.4 1011.4    3.5
202604201646   513  317.1   13.3  321.7   15.6  318.7   14.0    8.9    0.0    0.0    0.0    0.0    0.0   47.2 1009.6 1013.2   -1.7
202604201646   514  247.7    4.0  247.7    5.4  246.1    4.9   11.4    0.0    0.0    0.0    0.0    0.0   55.6 1010.7 1011.9    2.8
202604201646   515  273.1    6.5  277.4    8.5  271.5    7.3   10.3    0.0    0.0    0.0    0.5    0.5   76.3 1010.3 1011.6    6.3
202604201646   516  257.0    5.4  269.0    6.5  261.5    5.4   11.1    0.0    0.0    0.0    0.5    0.5   81.2 1008.5 1011.4    8.0
202604201646   517  251.2    6.6  265.9    8.5  245.0    5.8   19.9    0.0    0.0    0.0    0.0    0.0   44.6 1001.4 1002.1    7.5
202604201646   518  282.0    1.9  346.0    3.7  238.8    2.3   13.7    0.0    0.0    0.0    1.0    1.0   70.0  951.7 1005.8    8.3
202604201646   519   67.0    2.1   64.4    2.8  112.7    1.9   12.4    0.0    0.0    0.0    2.0    2.0   75.9  972.3 1007.3    8.3
202604201646   520  252.0    2.8  313.0    6.0  242.8    3.4   18.9    0.0    0.0    0.0    0.0    0.0   49.9  986.3 1001.9    8.2
202604201646   522  186.4    2.2  218.7    2.8  188.6    3.2   15.2    0.0    0.0    0.0    0.0    0.0   72.5  983.8 1007.0   10.3
202604201646   523  233.8    4.7  207.9    6.9  230.7    4.8   21.1    0.0    0.0    0.0    0.0    0.0   48.0 1001.5 1002.5    9.7
202604201646   524  251.6    5.8  224.5    7.6  238.3    7.1   20.2    0.0    0.0    0.0    0.0    0.0   54.9 1002.6 1003.1   10.9
202604201646   525  294.8    3.8  308.3    4.8  281.8    3.9   11.8    1.0    0.5    0.5    3.0    3.0   85.1  941.9 1007.6    9.4
202604201646   526  234.5    2.0  252.9    3.9  222.6    2.4   14.3    0.0    0.0    0.5    1.5    1.5   83.6  971.4 1006.7   11.6
202604201646   527  263.2    5.2  262.5    9.1  255.4    4.5   14.0    0.0    0.0    0.0    0.0    0.0   82.9  961.3 1006.8   11.1
202604201646   529  233.2    4.1  245.3    5.2  247.3    4.3   22.0    0.0    0.0    0.0    0.0    0.0   49.7 1000.0 1004.1   11.0
202604201646   530  274.2    4.2  268.0    5.8  278.3    3.0   16.1    0.0    0.0    0.0    0.0    0.0   85.2  -99.7  -99.9   13.6
202604201646   531  239.0    2.3  260.0    3.6  242.5    2.4   14.9    0.0    0.0    0.0    2.0    2.0   69.5  995.5 1008.4    9.4
202604201646   532  328.0    2.1   11.0    3.4  273.9    1.0   14.5    0.0    0.0    0.0    1.5    1.5   63.6  999.5 1010.1    7.7
202604201646   533  243.0    3.3  241.9    4.3  252.9    3.7   13.4    0.0    0.0    0.0    0.0    0.0   72.5  -99.7  -99.9    8.6
202604201646   534  222.0    6.9  234.0    8.4  235.5    6.4   11.6    0.0    0.0    0.0    0.0    0.0   83.1  999.8 1010.4    8.8
202604201646   535  259.0    2.4  271.0    2.9  281.1    2.2   14.6    0.0    0.0    0.0    0.5    0.5   75.7  971.0 1007.5   10.4
202604201646   536  181.2    3.7  195.0    5.6  173.8    4.3   13.9    0.0    0.0    0.0    0.5    0.5   79.1  995.1 1008.6   10.3
202604201646   537  119.0    6.0  143.0    9.5  110.3    6.0   15.3    0.0    0.0    0.0    0.0    0.0   70.4  949.2 1005.1    9.9
202604201646   538  305.0    5.1  328.0    6.5  290.1    2.5   14.8    0.0    0.0    0.0    0.0    0.0   36.9  999.9 1009.8    0.2
202604201646   539  249.9    3.7  226.3    6.4  239.8    2.2   13.7    0.0    0.0    0.0    2.0    2.0   71.3  991.8 1009.0    8.6
202604201646   540  312.3    3.5  284.4    5.0  297.7    3.1   14.1    0.0    0.0    0.0    1.5    1.5   62.2 1003.2 1008.5    7.0
202604201646   541  258.0    1.9  298.0    3.4  276.7    2.1   15.4    0.0    0.0    0.0    0.0    0.0   63.0 1007.1 1010.1    8.4
202604201646   542  192.0    3.5  211.0    5.9  196.3    3.0   13.4    0.0    0.0    0.0    0.5    0.5   77.6 1005.0 1010.0    9.6
202604201646   543  250.7    4.9  242.2    6.5  252.4    4.9   12.2    0.0    0.0    0.0    0.0    0.0   53.6 1007.6 1010.7    3.1
202604201646   544  291.0    5.3  282.3    7.2  285.5    6.3   10.8    0.0    0.0    0.0    0.0    0.0   67.8 1010.2 1011.5    5.1
202604201646   545  356.0    0.6   59.0    2.1  352.7    0.6   13.0    0.0    0.0    0.0    0.0    0.0   66.4 1010.9 1011.6    6.9
202604201646   546  187.2    3.3  153.9    5.6  181.2    3.3   12.2    0.0    0.0    0.0    0.5    0.5   73.2  994.6 1009.2    7.5
202604201646   547  180.0    1.7  214.0    2.3  188.6    2.2   12.9    0.0    0.0    0.0    0.0    0.0   81.6  996.4 1009.3    9.8
202604201646   548  209.0    2.2  224.0    4.1  235.5    2.1   11.9    0.0    0.0    0.0    0.0    0.0   83.2  996.0 1010.2    9.1
202604201646   549  234.0    4.6  293.0    8.9  233.7    3.2   11.8    0.0    0.0    0.0    0.5    0.5   74.4 1000.8 1010.8    7.4
202604201646   550  288.0    2.5  300.6    3.7  290.7    2.2   11.5    0.0    0.0    0.0    0.5    0.5   75.7 1005.4 1009.6    7.4
202604201646   551  281.3    3.8  280.6    5.4  267.5    4.3   10.7    0.0    0.0    0.0    0.5    0.5   82.2 1008.3 1011.6    7.8
202604201646   552  294.6    1.6  302.9    2.9  274.7    3.3   12.7    0.0    0.0    0.0    1.0    1.0   51.4  980.5 1007.6    2.9
202604201646   553  281.6    8.4  269.6   12.7  277.1    8.9   19.5    0.0    0.0    0.0    0.0    0.0   51.8  999.9 1000.9    9.3
202604201646   554  277.6   19.0  279.8   23.9  271.7   20.5   10.9    0.0    0.0    0.0    1.0    1.0   81.1  913.5 1001.3    7.8
202604201646   555  218.0    3.8  244.0    5.0  166.8    3.5   16.2    0.0    0.0    0.0    1.0    1.0   66.3  995.1 1007.9    9.9
202604201646   556  179.9    4.4  161.5    5.6  201.2    2.7   14.7    0.0    0.0    0.0    2.0    2.0   75.1  983.5 1005.5   10.3
202604201646   557  251.0    3.0  244.7    3.9  220.5    2.4   14.6    0.0    0.0    0.0    0.5    0.5   74.7  971.7 1005.7   10.2
202604201646   558  237.8    3.5  257.1    5.0  204.7    2.8   14.9    0.0    0.0    0.0    0.0    0.0   68.7  996.6 1007.8    9.2
202604201646   559  163.5    1.3  178.3    2.5  148.0    2.9   11.9    1.0    0.0    1.5    3.5    3.5   87.9  939.1 1005.4   10.0
202604201646   560  218.9    7.1  214.9    8.9  223.1    6.2   12.6    1.0    0.0    0.0    0.5    0.5   81.3  943.2 1005.5    9.5
202604201646   561  227.5    2.7  170.0    3.7  237.0    4.3   13.7    0.0    0.0    0.0    0.5    0.5   83.9  981.0 1007.0   11.0
202604201646   563  235.9    6.6  230.0   10.7  233.3    6.0   15.2    0.0    0.0    0.5    0.5    0.5   78.9  964.5 1006.5   11.6
202604201646   565  251.3    5.3  245.7    6.7  250.9    5.7   12.3    0.0    0.0    0.0    0.0    0.0   53.3 1010.6 1011.3    3.1
202604201646   566  282.0    5.0  319.0    7.3  299.3    3.7   20.9    0.0    0.0    0.0    0.0    0.0   49.1 1002.8 1003.6    9.8
202604201646   567  277.2    3.5  266.0    4.8  284.2    3.2   15.0    0.0    0.0    0.0    0.0    0.0   26.6 1001.2 1009.6   -4.1
202604201646   568  224.1    2.8  206.0    3.8  215.3    2.7   12.8    0.0    0.0    0.0    2.0    2.0   75.7  991.5 1008.4    8.6
202604201646   569  257.7    1.5  254.2    2.1  260.8    2.3   13.6    0.0    0.0    0.0    0.5    0.5   65.4 1006.6 1009.8    7.2
202604201646   570  287.4    3.8  282.3    5.5  282.0    3.2   14.5    0.0    0.0    0.0    0.0    0.0   40.2 1005.5 1009.5    1.1
202604201646   571  138.6    0.7  120.8    1.3  247.5    1.4   11.1    0.0    0.0    0.0    0.5    0.5   63.1 1006.4 1011.9    4.3
202604201646   572  225.8    1.4  258.8    2.3  233.3    1.4   13.3    0.0    0.0    0.0    0.5    0.5   59.7 1008.3 1011.7    5.6
202604201646   573  209.6    4.0  197.5    5.1  203.6    4.9   15.1    0.0    0.0    0.0    0.0    0.0   70.8  994.6 1008.8    9.8
202604201646   574  261.3    4.0  276.2    5.5  271.8    4.0   12.9    0.0    0.0    0.0    0.0    0.0   81.4 1005.1 1009.5    9.8
202604201646   575  267.9    5.3  241.2    8.0  273.1    4.1   10.2    0.0    0.0    0.0    0.5    0.5   82.8 1005.2 1011.4    7.4
202604201646   576  309.8    3.2  309.5    4.9  294.7    4.2   10.5    0.0    0.0    0.0    0.5    0.5   74.7  997.5 1010.9    6.2
202604201646   577  281.3    3.1  298.9    5.2  273.9    3.9   11.8    0.0    0.0    0.0    0.0    0.0   64.6 1011.0 1012.1    5.3
202604201646   578  294.6    6.9  289.6    9.6  289.0    6.8    8.9    0.0    0.0    0.0    0.0    0.0   72.7 1012.2 1013.2    4.3
202604201646   579  220.9    6.7  230.4   10.2  229.0    3.9   14.4    0.0    0.0    0.0    0.0    0.0   76.8  935.8 1005.0   10.4
202604201646   580  241.6    4.0  210.1    6.5  210.6    3.5   21.0    0.0    0.0    0.0    0.0    0.0   55.7  996.8 1003.5   11.8
202604201646   581  228.5    1.6  216.6    2.3  222.1    1.4   14.1    1.0    0.0    0.7    0.7    0.7   90.5  959.4 1008.3   12.6
202604201646   582  249.7    3.0  253.7    3.7  254.5    2.8   12.7    0.0    0.0    0.0    1.5    1.5   82.4  970.4 1008.9    9.8
202604201646   583  273.1    3.8  245.2    4.9  257.8    4.3   10.8    0.0    0.0    0.0    2.0    2.0   91.3  946.2 1008.4    9.4
202604201646   585  187.6    3.8  190.6    6.3  186.6    4.5   14.2    0.0    0.0    0.0    1.0    1.0   82.3  979.6 1007.2   11.2
202604201646   586   89.9    1.2   92.0    2.2  145.9    1.4   14.6    0.0    0.0    0.0    3.0    3.0   74.3  979.5 1005.9   10.1
202604201646   587  320.2    3.0  308.6    4.9  279.1    2.1   14.8    0.0    0.0    0.0    1.5    1.5   68.4  973.7 1006.0    9.0
202604201646   588  271.7    3.2  254.4    4.4  239.7    3.1   14.2    0.0    0.0    0.0    0.5    0.5   77.6  998.6 1008.5   10.3
202604201646   589  266.3    3.1  308.6    6.0  278.9    3.4   13.9    0.0    0.0    0.0    0.0    0.0   44.9 1003.0 1010.0    2.1
202604201646   590  273.4    3.5  247.6    6.3  236.9    2.2   13.9    0.0    0.0    0.0    0.0    0.0   54.9 1005.2 1010.8    5.0
202604201646   591  170.0    2.5  165.2    3.5  182.6    1.8   12.3    0.0    0.0    0.0    1.5    1.5   91.4  977.2 1008.8   10.9
202604201646   592  203.1    3.2  224.4    5.4  225.5    2.8   12.3    0.0    0.0    0.0    0.0    0.0   84.0 1003.9 1010.2    9.7
202604201646   593  184.1    9.3  191.4   14.5  189.3    8.9   17.4    0.0    0.0    0.0    0.0    0.0   58.6  988.6 1003.5    9.2
202604201646   594  127.4    6.3  128.6    7.8  123.7    5.6   15.2    0.0    0.0    0.0    0.5    0.5   63.6  968.0 1004.6    8.3
202604201646   595  229.9    4.5  233.6    5.9  222.1    4.7   12.7    0.0    0.0    0.0    0.6    0.6   84.7  938.2 1005.6   10.2
202604201646   596  272.3    5.4  282.9    8.7  278.2    4.6   15.8    0.0    0.0    0.0    0.5    0.5   67.3  975.7 1003.7    9.8
202604201646   597  280.4    2.2  262.3    3.2  282.1    3.2   12.6    0.0    0.0    0.0    2.0    2.0   80.1  942.6 1007.4    9.3
202604201646   598  294.9    3.7  270.5    5.0  297.0    3.9   14.4  -99.2    0.0    0.0    1.0    1.0   45.4  999.8 1010.2    2.7
202604201646   599  292.1    1.1  327.2    1.7  267.3    1.3   13.8    0.0    0.0    0.0    2.5    2.5   67.7  997.6 1010.2    7.9
202604201646   600  253.9    2.3  238.0    2.7  253.6    1.9   11.2    0.0    0.0    0.0    0.0    0.0   84.1  993.8 1009.6    8.6
202604201646   601  269.5    4.3  224.5    5.5  260.2    4.3   15.7    0.0    0.0    1.0    1.0    1.0   76.3  990.1 1007.3   11.5
202604201646   602  290.4    4.0  282.5    4.7  267.9    3.0   12.4    0.0    0.0    0.0    0.0    0.0   77.9 1001.9 1010.0    8.7
202604201646   603  312.8    4.2  302.9    5.4  301.0    3.6   13.1    0.0    0.0    0.0    1.5    1.5   83.7  996.0 1010.3   10.4
202604201646   604  206.0    2.3  241.0    3.3  222.0    2.1   13.9    0.0    0.0    0.0    0.0    0.0   86.8  996.9 1010.9   11.7
202604201646   605  220.0    5.0  232.0    6.4  210.7    4.9   14.3    1.0    0.0    0.5    0.5    0.5   86.7  993.4 1010.3   12.1
202604201646   606  274.7    7.1  258.4    9.2  275.3    6.4   10.0    0.0    0.0    0.0    0.0    0.0   56.9 1009.0 1011.8    1.8
202604201646   607  299.1    6.1  286.5    7.9  298.2    6.8    8.9    0.0    0.0    0.0    0.5    0.5   60.9 1012.2 1013.0    1.8
202604201646   609  270.0    3.3  311.3    5.6  293.2    4.1    8.6    0.0    0.0    0.0    0.0    0.0   66.3 1008.3 1013.1    2.7
202604201646   610  288.0    9.0  294.0   10.5  290.0    7.7   10.7    0.0    0.0    0.0    0.0    0.0   57.0 1011.2 1013.2    2.5
202604201646   611  269.9    3.6  270.7    4.6  288.6    2.7   13.0    0.0    0.0    0.0    0.0    0.0   72.7 1003.4 1009.5    8.2
202604201646   612  230.3    1.7  230.4    3.0  237.1    1.7   12.3    0.0    0.0    0.0    0.0    0.0   76.7 1008.6 1011.5    8.3
202604201646   614  281.1    2.4  266.5    3.5  304.3    3.3   10.6    0.0    0.0    0.0    0.0    0.0   73.1 1012.1 1013.3    6.0
202604201646   615  220.8    2.7  187.3    4.3  235.6    3.2   12.0    0.0    0.0    0.0    0.0    0.0   81.3 1010.6 1011.6    8.9
202604201646   616  214.0    1.8  187.0    3.8  237.6    2.4   10.3    0.0    0.0    0.0    0.0    0.0   56.5 1006.3 1012.6    2.0
202604201646   617  240.9    2.8  222.3    5.5  248.1    3.2   11.7    0.0    0.0    0.0    0.5    0.5   81.8  -99.7  -99.9    8.7
202604201646   618  234.8    1.2  228.4    1.6  295.0    2.0   11.5    0.0    0.0    0.0    0.0    0.0   57.6  -99.7  -99.9    3.4
202604201646   619  262.0    4.7  282.0    5.6  263.4    4.7   12.2    0.0    0.0    0.0    0.5    0.5   85.7  994.6 1010.5    9.9
202604201646   620  296.0    3.8  293.7    4.6  300.1    3.8   13.2    0.0    0.0    0.5    1.0    1.0   83.7 1002.3 1010.1   10.5
202604201646   621  268.3    3.6  294.4    5.4  282.6    3.8   14.6    0.0    0.0    0.0    1.0    1.0   85.1  991.8 1009.2   12.1
202604201646   622  240.6    3.1  249.1    3.7  224.3    3.4   13.5    1.0    0.0    0.0    1.5    1.5   84.4  983.0 1009.9   10.9
202604201646   623  250.6    3.9  236.3    5.3  254.6    3.6   13.1    0.0    0.0    0.0    0.0    0.0   76.9 1001.5 1010.4    9.1
202604201646   624  191.7    0.7  230.3    1.7  247.2    1.8   12.1    0.0    0.0    0.0    1.5    1.5   87.8  983.9 1010.5   10.1
202604201646   625  243.1    2.0  242.7    2.9  257.6    2.0   12.8    1.0    0.5    0.5    1.0    1.0   88.9  971.8 1010.0   11.0
202604201646   626  313.1    1.2  306.7    2.1  303.0    3.1   14.5    1.0    0.0    0.0    0.0    0.0   87.5  995.6 1009.9   12.5
202604201646   627  341.6    4.1  312.3    5.4  331.2    5.4   10.4    0.0    0.0    0.0    0.0    0.0   47.8 1010.7 1012.5   -0.2
202604201646   628  256.1    4.8  247.6    6.8  243.7    4.5   11.9    0.0    0.0    0.0    0.0    0.0   54.0 1007.9 1011.4    2.9
202604201646   629   31.4    2.0   41.9    3.6   23.3    2.2   12.2    0.0    0.0    0.0    0.0    0.0   76.5 1001.2 1011.3    8.2
202604201646   630  285.9    3.6  261.6    4.7  285.9    3.5   12.2    0.0    0.0    0.0    0.5    0.5   84.5  997.5 1010.5    9.7
202604201646   631  274.2    4.3  271.9    7.2  272.8    5.9   11.5    0.0    0.0    0.0    0.0    0.0   61.8 1009.9 1011.1    4.4
202604201646   632  289.0    2.8  276.7    3.7  283.4    2.7   11.5    0.0    0.0    0.0    0.0    0.0   71.8 1005.5 1012.4    6.6
202604201646   633  281.2    4.6  274.2    5.7  271.6    3.7   12.5    0.0    0.0    0.0    0.0    0.0   69.6 1003.1 1012.2    7.1
202604201646   634  287.3    3.9  269.7    6.2  281.3    4.1   11.2    0.0    0.0    0.0    0.5    0.5   60.9 1008.7 1012.3    3.9
202604201646   635  246.2    3.1  233.6    4.6  254.2    2.1   12.3    0.0    0.0    0.0    0.0    0.0   67.9 1011.8 1013.1    6.5
202604201646   636  293.7    4.7  302.2    6.7  282.2    4.2   11.6    0.0    0.0    0.5    1.0    1.0   73.4  995.8 1011.6    7.0
202604201646   637  275.3    2.5  247.6    5.7  281.1    3.6   11.0    0.0    0.0    0.0    0.0    0.0   64.6 1011.4 1012.5    4.6
202604201646   638  272.2    6.9  278.3    9.5  257.7    4.6   14.5    0.0    0.0    1.0    1.0    1.0   85.6  977.6 1006.0   12.1
202604201646   639  290.4    4.1  324.9    6.5  316.4    3.3   13.4    1.0    0.0    0.0    1.0    1.0   85.0  975.7 1008.9   10.9
202604201646   640  328.0    4.1  321.3    5.7  322.9    4.7   12.6    0.0    0.0    0.0    1.0    1.0   85.6  983.7 1010.4   10.3
202604201646   641  234.1    4.6  231.7    6.0  235.3    5.0   13.5    0.0    0.0    0.0    0.0    0.0   84.9 1001.8 1011.2   11.0
202604201646   642  244.6    5.5  233.9    8.0  248.3    3.6   11.6    0.0    0.0    0.5    0.5    0.5   92.9  994.3 1012.1   10.5
202604201646   643  194.1    2.4  191.8    3.7  210.8    3.1   13.2    0.0    0.0    0.5    0.5    0.5   89.2 1000.5 1011.4   11.5
202604201646   644  203.8    4.2  196.9    5.5  214.1    3.7   10.8    0.0    0.0    0.5    0.5    0.5   93.8 1009.2 1012.2    9.8
202604201646   645  257.7    4.2  278.9    5.4  255.5    4.6   10.5    0.0    0.0    0.0    0.0    0.0   57.5 1011.1 1013.2    2.5
202604201646   646  322.2    9.0  317.8   10.4  317.9   10.3    9.1    0.0    0.0    0.0    0.0    0.0   71.8 1012.5 1013.4    4.3
202604201646   647  240.9    4.2  258.8    5.5  261.8    2.9   14.5    0.0    0.0    0.0    0.5    0.5   83.4  -99.7  -99.9   11.7
202604201646   648  178.0    1.4  319.0    2.7  292.9    2.3   12.7    0.0    0.0    0.0    0.5    0.5   81.6  998.7 1010.6    9.6
202604201646   649  357.3    1.1   65.8    1.7  326.3    2.1   13.1    0.0    0.0    0.0    0.0    0.0   50.0 1007.7 1010.8    2.9
202604201646   650  297.3    3.8  294.5    5.0  288.0    5.2   13.3    0.0    0.0    0.0    0.0    0.0   48.8  984.4 1006.4    2.8
202604201646   651  266.0    6.0  302.0    8.3  263.7    6.0   13.0    0.0    0.0    0.0    0.0    0.0   46.9  983.5 1009.0    1.9
202604201646   652  239.4    4.9  270.9    8.3  222.0    2.6   15.5    0.0    0.0    0.0    0.0    0.0   38.0 1003.5 1008.0    1.2
202604201646   654  209.6    2.6  228.8    5.0  212.2    1.2   11.0    0.0    0.0    0.0    0.0    0.0   57.1 1011.1 1012.4    2.8
202604201646   655  245.2    9.7  237.0   12.0  240.7    9.0    8.3    0.0    0.0    0.0    0.0    0.0   64.4 1003.6 1013.7    2.0
202604201646   656  285.1   12.2  285.2   13.8  284.0   12.3   14.1    0.0    0.0    0.0    0.0    0.0   37.4 1005.0 1010.9   -0.2
202604201646   657  300.3    6.1  304.1    8.8  300.3    6.8    9.8    0.0    0.0    0.0    0.0    0.0   68.7 1010.0 1013.8    4.3
202604201646   658  296.6    9.7  296.1   11.0  295.1    9.1    8.4    0.0    0.0    0.0    0.5    0.5   67.0 1011.9 1013.1    2.6
202604201646   659  247.3    5.3  245.2    7.0  251.5    5.1    5.2    0.0    0.0    0.5    0.5    0.5   99.4  915.2 1012.4    5.1
202604201646   660  232.8    4.2  226.1    6.1  203.9    3.4   12.0    0.0    0.0    0.0    2.0    2.0   87.2  946.5 1008.3    9.9
202604201646   661  311.2    3.9  301.9    6.7  294.7    4.9   19.9    0.0    0.0    0.0    0.0    0.0   46.2 1002.3 1002.9    8.0
202604201646   662  301.5    2.7  341.7    3.7  289.5    3.1   10.3    0.0    0.0    0.0    0.0    0.0   59.7 1009.6 1010.8    2.8
202604201646   663  320.7   14.6  318.5   16.4  321.4   14.0    8.5    0.0    0.0    0.0    0.0    0.0   62.4 1005.7 1013.3    1.7
202604201646   664  285.9    7.2  290.8    8.4  293.1    6.6   10.7    0.0    0.0    0.0    0.0    0.0   64.4 1010.4 1012.5    4.3
202604201646   665  209.8    4.2  201.3    6.4  205.2    4.3   10.5    0.0    0.0    0.0    0.0    0.0   63.3 1007.2 1010.6    3.8
202604201646   666   42.7    9.4   47.2   13.6   43.4    9.9    8.4    0.0    0.0    0.0    0.0    0.0   67.1 1008.2 1012.2    2.7
202604201646   667  292.4    7.3  311.3   12.9  275.2    6.3    8.0    0.0    0.0    0.0    0.0    0.0   69.8 1006.3 1013.4    2.8
202604201646   669  253.5    4.8  304.6    7.4  279.5    5.8    9.1    0.0    0.0    0.0    0.0    0.0   57.1 1010.9 1013.1    1.1
202604201646   670  280.6    4.6  271.2    7.5  274.5    4.7   19.8    0.0    0.0    0.0    0.0    0.0   54.4 1001.6 1002.4   10.3
202604201646   671  282.0    0.8  300.1    1.7  180.2    3.3   21.5    0.0    0.0    0.0    0.0    0.0   49.4 1002.2 1002.7   10.5
202604201646   672  288.6    2.8  284.5    4.6  283.5    3.1   10.4    0.0    0.0    0.0    0.5    0.5   67.8 1013.4 1014.7    4.7
202604201646   673  202.9    3.2  206.7    4.6  211.8    3.4   19.5    0.0    0.0    0.0    0.0    0.0   71.9 1006.6 1009.0   14.3
202604201646   674  263.3    9.4  267.2   13.1  250.3    7.9   12.2    0.0    0.0    0.5    0.5    0.5   84.2  913.4 1006.6    9.6
202604201646   675  209.4    2.4  218.2    4.0  201.4    2.8   14.0    0.0    0.0    0.0    1.0    1.0   77.5 1000.9 1007.1   10.1
202604201646   676  188.9    3.3  205.3    6.1  217.6    3.5   10.8    0.0    0.0    0.0    0.5    0.5   81.8  994.3 1011.5    7.8
202604201646   677  157.7    1.7  234.9    3.1  240.5    3.3   20.3    0.0    0.0    0.0    0.0    0.0   56.9  990.4 1004.2   11.5
202604201646   678  236.9    6.7  255.9   12.0  240.5    6.5   14.8    0.0    0.0    0.0    0.0    0.0   72.0  950.8 1003.1    9.8
202604201646   679  211.7    4.4  230.0   11.3  225.2    3.5   14.0    1.0    0.0    0.5    0.5    0.5   73.7  926.6 1004.5    9.4
202604201646   680  327.6    3.5  298.9    4.5  315.5    3.0   15.3    0.0    0.0    0.0    2.0    2.0   64.0  979.8 1006.7    8.5
202604201646   681  282.0    3.0  290.5    4.6  278.6    3.0   14.4    0.0    0.0    0.0    1.0    1.0   72.6  984.6 1008.2    9.5
202604201646   682  289.9    8.1  292.7   11.3  284.7    8.0    6.7    0.0    0.0    0.5    1.0    1.0   96.5  886.2 1007.1    6.2
202604201646   687  278.7    2.5  307.2    3.8  306.9    2.5   16.0    0.0    0.0    0.0    0.0    0.0   86.3 1003.8 1011.2   13.7
202604201646   688  312.0    2.4  333.0    3.5  285.9    1.7   13.6    0.0    0.0    0.0    0.0    0.0   82.5 1009.0 1012.7   10.7
202604201646   689  354.7    1.0    8.7    2.1  296.5    1.3   12.9    0.0    0.0    0.0    0.0    0.0   81.8 1004.2 1013.0    9.9
202604201646   690  283.8    2.1  287.7    3.5  323.3    1.8   13.1    0.0    0.0    0.0    0.0    0.0   82.8  999.9 1011.6   10.2
202604201646   691  303.0    2.0  330.0    2.9  328.0    2.0   12.3    0.0    0.0    0.0    0.0    0.0   64.8 1009.9 1012.8    5.9
202604201646   692  274.8    4.0  285.5    7.1  271.7    4.0   14.5    0.0    0.0    0.0    0.0    0.0   32.2 1004.8 1008.8   -1.9
202604201646   694  277.9    9.4  280.9   11.6  278.2    8.7    4.2    0.0    0.0    0.0    1.0    1.0   97.4  932.0 1012.3    3.8
202604201646   695  302.6    5.8  286.3    8.1  307.4    5.3    5.8    0.0    0.0    0.0    1.7    1.7   99.7  888.6 1008.8    5.8
202604201646   696  231.6    3.5  198.6    5.0  222.2    3.2   21.2    0.0    0.0    0.0    0.0    0.0   46.4  995.0 1004.5    9.3
202604201646   697  330.0    2.4  356.0    6.3  342.4    2.3   11.5    0.0    0.0    0.0    0.0    0.0   86.3 1013.9 1014.6    9.3
202604201646   698  345.0    5.2   13.0    8.9  344.2    4.7   10.7    0.0    0.0    0.0    0.0    0.0   72.9 1011.6 1014.7    6.0
202604201646   699  320.0    6.3  315.0    8.9  319.3    5.0   11.2    0.0    0.0    0.0    0.0    0.0   76.7 1009.5 1014.1    7.3
202604201646   700   73.2    8.6  236.8    9.8  334.0    8.6    9.3    0.0    0.0    0.0    0.0    0.0   64.9 1007.3 1014.4    3.0
202604201646   701  291.4    3.8  292.5    4.9  289.9    3.1   14.3    0.0    0.0    0.0    0.0    0.0   82.4  984.4 1009.3   11.3
202604201646   702  247.3    4.8  239.3    6.3  250.6    5.1   10.9    0.0    0.0    0.0    0.0    0.0   78.9 1011.2 1012.5    7.4
202604201646   703  224.5    3.2  223.7    4.1  223.5    3.7   10.9    0.0    0.0    0.5    0.5    0.5   89.2  970.6 1012.5    9.2
202604201646   704  320.2    2.2  332.8    3.9  316.2    3.9   10.1    0.0    0.0    0.0    0.5    0.5   77.4 1013.2 1013.4    6.3
202604201646   706  257.5    3.1  299.4    5.4  287.5    3.1   13.2    0.0    0.0    0.0    0.0    0.0   84.6 1006.1 1011.4   10.7
202604201646   707  346.0    3.7    1.0    6.4  341.4    3.7   10.8    0.0    0.0    0.0    0.0    0.0   73.6 1010.8 1015.0    6.3
202604201646   708  306.1    3.1  321.0    4.5  285.6    2.2   11.6    0.0    0.0    0.0    0.0    0.0   81.6 1008.6 1012.2    8.6
202604201646   709  307.1    4.8  301.2    5.8  305.0    5.7   16.9    0.0    0.0    0.0    0.0    0.0   84.7 1008.1 1011.3   14.3
202604201646   710  320.1    3.0  337.7    4.1  329.8    4.3   11.8    0.0    0.0    0.0    0.0    0.0   77.8 1013.2 1014.1    8.1
202604201646   711  348.6    2.4  315.8    3.4  345.6    2.8   13.7    0.0    0.0    0.0    0.0    0.0   82.4  -99.7  -99.9   10.8
202604201646   712  316.0    4.6  329.5    6.1  313.7    4.1   19.4    0.0    0.0    0.0    0.0    0.0   74.6 1010.3 1010.6   14.8
202604201646   713  281.6    3.2  302.8    4.7  278.1    2.8   20.1    0.0    0.0    0.0    0.0    0.0   71.5 1008.1 1009.8   14.8
202604201646   714  332.9    3.8  328.4    5.0  323.1    3.5   11.3    0.0    0.0    0.0    0.0    0.0  -99.7 1014.3 1014.5  -99.9
202604201646   716  321.6    6.7  319.0    8.3  318.0    7.6   11.5    0.0    0.0    0.0    0.0    0.0   82.7 1014.1 1014.4    8.7
202604201646   717  264.6    3.8  248.7    5.4  271.3    4.8   12.2    0.0    0.0    0.0    0.0    0.0   76.8 1011.3 1012.7    8.3
202604201646   718  270.0    7.5  290.0   10.2  277.6    7.6   11.7    0.0    0.0    0.0    0.0    0.0   85.2 1013.2 1014.0    9.3
202604201646   719  310.6    4.8  338.6    7.0  305.7    4.3    9.8    0.0    0.0    0.0    0.5    0.5   72.6 1011.9 1013.3    5.1
202604201646   720  285.5    4.3  257.6    6.0  298.7    1.9   13.6    0.0    0.0    0.0    0.0    0.0   99.9 1011.5 1013.3   13.6
202604201646   721  289.8    7.5  290.3    8.3  292.7    7.4   15.8    0.0    0.0    0.0    0.0    0.0   86.4 1011.3 1011.8   13.5
202604201646   722  244.8    3.2  243.1    4.6  268.2    2.5   12.2    0.0    0.0    0.0    0.0    0.0   82.9 1000.2 1013.5    9.4
202604201646   723  277.4    5.4  275.2    6.1  283.3    5.6   17.4    0.0  -99.9  -99.9  -99.9  -99.2   82.1 1010.1 1010.9   14.3
202604201646   724  160.3    2.8  196.7    3.9  162.1    2.7   13.1    0.0    0.0    0.0    0.0    0.0   86.9 1011.1 1012.1   11.0
202604201646   725  298.5   10.9  299.1   12.5  294.8   11.2   14.8    0.0    0.0    0.0    1.5    1.5   95.8 1010.7 1011.8   14.1
202604201646   726  322.7   13.6  325.5   14.6  319.5   12.6   14.2    0.0    0.0    0.0    0.0    0.0   96.2 1010.5 1011.9   13.6
202604201646   727  334.6    1.9  232.8    2.7  324.8    2.2   11.2    0.0    0.0    0.5    2.5    2.5  100.0  964.5 1014.6   11.2
202604201646   730  308.0    1.7  352.0    3.3  307.4    2.6   11.6    0.0    0.0    0.0    0.0    0.0   83.0 1008.3 1013.6    8.8
202604201646   731  283.0    2.2  291.0    3.7  300.8    2.2   12.5    0.0    0.0    0.0    0.0    0.0   81.4 1013.5 1014.1    9.4
202604201646   732  317.3    4.8  335.4    6.6  309.6    2.7   15.0    0.0    0.0    0.0    0.0    0.0   81.4  994.2 1011.4   11.8
202604201646   733  226.3    1.4  205.9    2.3  257.4    1.5   10.2    0.0    0.0    0.0    0.5    0.5   80.0  -99.7  -99.9    6.9
202604201646   734  305.4    5.3  292.7    6.5  314.0    4.5    9.9    0.0    0.0    0.0    0.9    0.9   92.1 1005.8 1013.6    8.7
202604201646   735   36.1    0.9   31.9    1.6   14.7    1.5   11.1    0.0    0.0    0.5    1.0    1.0   93.3  934.5 1010.8   10.1
202604201646   736  316.3    4.4  327.4    5.4  308.3    4.9   10.5    0.0    0.0    0.0    0.5    0.5   72.6 1013.3 1013.6    5.8
202604201646   737  287.0    4.1  296.5    5.1  286.5    4.2    9.9    0.0    0.0    0.0    0.0    0.0   79.7 1007.4 1014.0    6.6
202604201646   738  291.2    4.8  290.3    5.8  294.9    3.8   10.9    0.0    0.0    0.0    0.0    0.0   61.0 1012.0 1013.9    3.7
202604201646   739   70.8    3.0   67.6    4.4   68.8    3.7   11.2    0.0    0.0    0.0    0.5    0.5   70.8 1013.2 1014.7    6.1
202604201646   741  200.4    1.7  177.3    2.6  190.5    3.3   13.6    0.0    0.0    0.0    0.0    0.0   80.4 1002.1 1013.4   10.3
202604201646   742  318.3    4.8  333.4    6.5  318.3    5.7   11.5    0.0    0.0    0.0    0.0    0.0   77.2 1011.7 1013.2    7.6
202604201646   743  313.6    5.9  320.9    9.4  321.0    6.3   11.2    0.0    0.0    0.0    0.0    0.0   88.7 1013.5 1014.5    9.4
202604201646   744  284.0    3.6  313.0    6.3  276.1    3.4   12.3    0.0    0.0    0.0    0.0    0.0   76.3 1013.6 1014.3    8.3
202604201646   745  321.3    4.9  316.0    6.2  324.9    4.0   13.1    0.0    0.0    0.0    0.0    0.0   81.8 1007.1 1013.0   10.1
202604201646   746   79.7    5.4  236.1    7.1  103.3    5.9   12.7    0.0    0.0    0.0    0.0    0.0   82.8 1012.9 1014.0    9.9
202604201646   747   27.6    1.2    7.6    2.4   41.9    1.3   15.3    0.0    0.0    0.0    0.0    0.0   90.0 1008.3 1011.2   13.7
202604201646   748  318.1    4.7  320.8    5.9  309.8    4.7   17.9    0.0    0.0    0.0    0.0    0.0   77.8 1011.2 1011.4   14.0
202604201646   749  270.3    0.0  322.0    0.5  221.0    1.2   16.4    0.0    0.0    0.0    0.0    0.0   81.0 1007.1 1010.1   13.1
202604201646   750  254.1    1.9  300.0    3.1  266.2    2.2   19.5    0.0    0.0    0.0    0.0    0.0   70.6 1008.0 1010.7   14.0
202604201646   751  299.5    1.8  283.5    3.2  300.4    1.8   13.0    0.0    0.0    0.5    0.5    0.5   95.9  -99.7  -99.9   12.4
202604201646   752  345.8    2.9  332.5    5.8  342.8    3.5   12.4    0.0    0.0    0.0    0.5    0.5   94.7  -99.7  -99.9   11.6
202604201646   753  215.4    1.6  204.2    2.1  224.3    1.3   10.7    0.0    0.0    1.0    7.5    7.5   99.1  -99.7  -99.9   10.6
202604201646   754  326.0    3.0  335.7    4.8  319.0    4.0   11.5    0.0    0.0    0.0    0.5    0.5   82.6 1012.7 1014.0    8.6
202604201646   755  331.0    4.1  344.0    6.2  334.6    4.1   13.0    0.0    0.0    0.0    0.5    0.5   89.8  990.4 1012.6   11.4
202604201646   756   19.1    2.4  233.1    5.3   29.7    4.0   10.1    0.0    0.0    0.0    0.0    0.0   76.3 1013.2 1013.7    6.1
202604201646   757  275.0    1.6  319.6    2.5  352.2    1.7   12.0    0.0    0.0    0.5    1.0    1.0   83.4  979.5 1011.4    9.3
202604201646   758  249.1    3.2  262.3    3.9  233.3    2.8   12.3    0.0    0.0    0.0    0.0    0.0   87.3  973.0 1010.7   10.3
202604201646   759  326.6    0.6  313.4    1.3  288.6    1.4   12.8    1.0    1.0    1.0    1.5    1.5   92.7  954.1 1009.7   11.6
202604201646   760   37.7    3.2   18.8    4.6   43.1    3.6    9.3    0.0    0.0    0.0    0.5    0.5   92.6  978.8 1012.5    8.2
202604201646   761  304.9    3.8  297.2    4.8  304.7    2.8   10.5    0.0    0.0    0.0    0.5    0.5   86.3 1012.2 1014.0    8.3
202604201646   762  240.7    0.9  303.4    2.6  295.2    3.5   11.1    0.0    0.0    0.0    0.0    0.0   86.0  994.3 1011.9    8.8
202604201646   763  235.3    0.7  213.8    1.7  262.4    0.7   10.9    0.0    0.0    0.0    0.5    0.5   87.1 1008.7 1013.3    8.8
202604201646   764   39.3    4.7   39.9    6.1   26.9    4.2    8.9    0.0    0.0    0.5    1.0    1.0   96.5  988.0 1013.5    8.4
202604201646   765  282.9    2.8  306.7    4.6  274.9    2.9   14.2    0.0    0.0    0.0    0.0    0.0   89.0  999.9 1013.0   12.4
202604201646   766  285.8    9.7  285.0   11.5  295.8    9.2   19.1    0.0    0.0    0.0    0.0    0.0   63.6 1000.9 1010.1   12.0
202604201646   767  317.8    6.8  306.7    8.8  330.4    5.3   18.8    0.0    0.0    0.0    0.0    0.0   83.2 1011.0 1011.4   15.9
202604201646   768  283.2    2.8  313.4    5.4  293.4    3.3   13.8    0.0    0.0    1.0    5.5    5.5   95.4 1000.3 1012.3   13.1
202604201646   769    4.2    5.7    8.5    7.4  354.5    5.5   10.5    0.0    0.0    0.0    0.0    0.0   75.7 1014.3 1015.0    6.4
202604201646   770  265.4    1.0  269.9    1.2  277.4    1.6   12.4    0.0    0.0    0.0    0.0    0.0   83.8 1001.2 1013.1    9.7
202604201646   771   12.9    7.8   44.4    8.6   21.8    7.2   12.0    0.0    0.0    0.0    0.0    0.0   81.9 1014.2 1014.6    9.0
202604201646   772  359.0    7.8  354.6    8.4  356.4    7.4   12.6    0.0    0.0    0.0    0.0    0.0   81.9 1014.6 1014.8    9.6
202604201646   773  306.9    3.0  318.3    4.7  305.9    3.6   12.4    0.0    0.0    0.0    0.0    0.0   85.1 1005.5 1014.2   10.0
202604201646   774  136.0    2.3  146.6    3.3  158.7    2.0   11.7    0.0    0.0    0.0    0.0    0.0   74.2 1012.5 1013.9    7.3
202604201646   775  332.9    4.2  326.5    5.3  330.6    5.2   10.7    0.0    0.0    0.0    0.0    0.0   81.1 1008.9 1013.7    7.6
202604201646   776  305.5    8.8  301.8   10.1  294.0    7.5   12.4    0.0    0.0    0.0    0.0    0.0   81.7 1010.5 1012.5    9.4
202604201646   777  349.2    2.7  339.0    3.5  359.3    3.3   15.7    0.0    0.0    0.0    0.0    0.0   84.9 1007.7 1012.1   13.2
202604201646   778  188.7    4.5  193.5    6.5  186.6    2.9   12.4    0.0    0.0    0.0    0.0    0.0   85.0 1001.6 1013.1   10.0
202604201646   779  319.1    3.4  286.2    5.1   26.5    3.3   13.3    0.0    0.0    0.0    0.0    0.0   92.4 1008.7 1013.4   12.1
202604201646   780  126.9    2.2  126.5    3.4  130.3    3.0   19.9    0.0    0.0    0.0    0.0    0.0   77.5 1007.5 1010.5   15.9
202604201646   781  293.1    9.1  292.9   11.3  291.0    7.1   16.6    0.0    0.0    0.0    0.5    1.5   93.2  -99.7  -99.9   15.5
202604201646   782  317.1    2.2  220.1    3.5  329.4    2.1   13.0    0.0    0.0    0.0    1.0    1.0   88.6  -99.7  -99.9   11.2
202604201646   783  306.0    1.9  336.6    3.2  294.5    1.6   12.5    0.0    0.0    0.0    0.0    0.0   78.9 1008.5 1012.2    8.9
202604201646   784  335.5    3.9  340.3    5.2  328.5    4.5   12.1    0.0    0.0    0.0    0.0    0.0   86.1 1011.4 1014.1    9.8
202604201646   785  351.6    4.5  343.3    6.3  343.6    5.8   13.8    0.0    0.0    0.0    0.0    0.0   74.5 1010.8 1012.4    9.3
202604201646   786  270.3    4.9  260.3    6.5  257.7    5.0   19.2    0.0    0.0    0.0    0.0    0.0   71.7 1007.9 1009.9   14.0
202604201646   787  305.4    5.9  301.5    8.0  301.2    6.6   19.1    0.0    0.0    0.0    0.0    0.0   72.2 1009.7 1011.1   14.0
202604201646   788  320.2    2.7   69.1    3.8  307.5    3.5   12.6    0.0    0.0    0.0    0.0    0.0   76.9 1003.0 1010.8    8.7
202604201646   789    6.6    5.5   13.3    7.7   15.5    5.4   11.7    0.0    0.0    0.0    0.0    0.0   80.3 1013.3 1014.4    8.4
202604201646   790  221.8    3.8  252.8    6.6  213.9    3.7   19.0    0.0    0.0    0.0    0.0    0.0   78.8  993.5 1009.2   15.2
202604201646   791   67.1    1.3   34.4    2.4  114.2    1.7   15.2    0.0    0.0    0.0    0.0    0.0   80.5  961.3 1008.7   11.9
202604201646   792  293.1    4.0  311.1    6.2  304.0    4.4   18.3    0.0    0.0    0.0    1.5    1.5   76.0 1000.7 1011.1   14.0
202604201646   793  306.6    6.8  321.3    9.6  299.4    6.2   13.9    0.0    0.0    0.0    0.0    0.0   89.7 1012.0 1012.3   12.2
202604201646   794  265.8    3.2  271.3    3.9  281.0    3.8   16.7    0.0    0.0    0.0    0.0    0.0   79.5 1001.6 1010.5   13.1
202604201646   795  323.3    2.8  324.7    3.7  311.3    2.9   13.7    0.0    0.0    0.5    0.5    0.5   91.1 1001.6 1011.9   12.3
202604201646   796  251.3    5.9  251.0    7.7  243.2    4.8   16.5    0.0    0.0    0.0    0.0    0.0   85.0 1007.3 1011.7   14.0
202604201646   797   30.6    5.8   13.2    8.5   18.2    6.4   10.7    0.0    0.0    0.0    0.5    0.5   88.2 1010.9 1015.2    8.8
202604201646   798  298.3   14.7  303.1   15.8  294.5   15.0   10.5    0.0    0.0    0.0    0.0    0.0   81.4 1009.9 1012.7    7.5
202604201646   799  148.3    0.9  202.2    1.4  215.8    0.9   11.1    0.0    0.0    0.0    0.0    0.0   78.0 1011.4 1013.8    7.4
202604201646   800  252.2    5.6  257.5    8.0  232.6    5.5   22.1    0.0    0.0    0.0    0.0    0.0   50.0 1005.1 1005.8   11.2
202604201646   801  129.5    2.2  170.6    3.3  178.6    4.4   19.4    0.0    0.0    0.0    0.0    0.0   60.5  981.3 1006.2   11.6
202604201646   802   63.5    1.6   57.9    2.3  318.5    2.6   20.9    0.0    0.0    0.0    0.0    0.0   53.2  989.2 1005.5   11.0
202604201646   803  331.9    4.7  309.6    6.7  290.5    3.4   18.3    0.0    0.0    0.0    0.0    0.0   63.1  986.1 1007.5   11.2
202604201646   804  247.0    3.1  234.7    4.9  250.8    3.3   20.8    0.0    0.0    0.0    0.0    0.0   53.7 1001.7 1006.0   11.1
202604201646   805    7.3    2.7  358.2    3.8   38.6    1.1   19.6    0.0    0.0    0.0    0.0    0.0   58.6  980.9 1007.0   11.3
202604201646   806  248.9    5.2  275.7    7.9  252.9    3.8   18.0    0.0    0.0    0.0    0.0    0.0   68.1 1005.0 1009.8   12.0
202604201646   807  250.8    3.2  235.0    4.5  246.6    3.8   19.2    0.0    0.0    0.0    0.0    0.0   65.7  994.8 1008.1   12.6
202604201646   808  269.1    3.4  280.1    5.2  261.2    4.2   19.7    0.0    0.0    0.0    0.0    0.0   69.7 1005.0 1006.3   14.0
202604201646   809  100.7    2.8   84.2    3.7   52.3    2.7   16.0    1.0    0.0    0.0    0.0    0.0   81.4  984.8 1008.8   12.8
202604201646   810  295.1    4.0  276.6    6.4  282.2    3.1   20.5    0.0    0.0    0.0    0.0    0.0   62.9 1004.3 1008.9   13.2
202604201646   811  305.5    2.8  302.7    3.2  304.2    1.9   20.2    0.0    0.0    0.0    0.0    0.0   66.4 1003.2 1007.0   13.7
202604201646   812   69.4    1.2  101.3    2.0  272.7    1.6   21.2    0.0    0.0    0.0    0.0    0.0   59.9 1003.2 1008.0   13.1
202604201646   813  306.9    3.9  309.3    4.8  305.9    4.0   20.5    0.0    0.0    0.0    0.0    0.0   61.5  998.4 1007.4   12.9
202604201646   814  242.0    1.6  273.0    2.7  250.1    2.9   16.4    1.0    0.0    0.0    0.0    0.0   73.2  972.6 1007.6   11.6
202604201646   815  256.0    6.3  271.0    7.5  277.9    3.4   18.3    0.0    0.0    0.0    0.0    0.0   66.1  996.6 1008.5   11.9
202604201646   816  282.0    2.7  292.0    3.9  280.6    2.5   19.8    0.0    0.0    0.0    0.0    0.0   61.9 1000.4 1005.3   12.3
202604201646   817  251.0    2.6  284.0    3.7  241.0    3.5   18.3    0.0    0.0    0.0    0.0    0.0   62.4  961.7 1005.2   11.0
202604201646   818  237.8    2.6  199.3    3.4  212.4    1.8   15.2    1.0    0.0    0.0    0.0    0.0   83.2  982.4 1007.8   12.4
202604201646   819  219.7    2.5  180.9    3.3  196.5    2.8   18.5    0.0    0.0    0.0    0.0    0.0   63.7  983.5 1007.0   11.5
202604201646   820  293.3    6.4  332.1    9.9  295.5    6.4   18.2    0.0    0.0    0.0    0.0    0.0   70.5 1000.2 1009.1   12.8
202604201646   821  282.0    2.7  304.7    4.6  249.6    2.7   15.9    0.0    0.0    0.0    0.0    0.0   79.7  997.8 1008.5   12.4
202604201646   822  290.4    3.3  309.6    4.8  299.7    3.8   17.8    0.0    0.0    0.0    0.0    0.0   74.6  999.9 1009.2   13.2
202604201646   823  255.8    5.4  260.8    7.3  253.0    3.5   19.0    0.0    0.0    0.0    0.0    0.0   67.8  997.5 1007.0   12.9
202604201646   824  299.7    3.8  292.9    5.3  287.2    3.9   19.5    0.0    0.0    0.0    0.0    0.0   63.2  994.2 1007.5   12.3
202604201646   825  319.9    3.2  318.0    6.0  318.5    2.4   20.5    0.0    0.0    0.0    0.0    0.0   61.9 1005.4 1008.9   13.0
202604201646   826  359.4    3.1  354.6    6.0  356.7    4.7   19.5    0.0    0.0    0.0    0.0    0.0   65.4  993.1 1008.3   12.8
202604201646   827  337.2    2.1  323.7    2.9  308.2    1.6   21.6    0.0    0.0    0.0    0.0    0.0   54.4 1000.2 1007.3   12.0
202604201646   828  314.5    2.4  323.7    3.7  300.4    3.2   21.2    0.0    0.0    0.0    0.0    0.0   54.4 1005.2 1008.1   11.6
202604201646   829  311.2    4.1  305.9    4.8  304.7    4.2   19.6    0.0    0.0    0.0    0.0    0.0   63.9  998.8 1007.3   12.6
202604201646   830  257.0    4.0  269.2    4.7  264.0    4.1   20.7    0.0    0.0    0.0    0.0    0.0   58.3 1002.1 1007.3   12.2
202604201646   831  202.0    2.5  185.6    4.5  189.8    2.4   15.6    0.0    0.0    0.0    0.0    0.0   64.7  -99.7  -99.9    9.0
202604201646   832  274.8    4.4  276.1    7.0  279.5    7.1   17.6    0.0    0.0    0.0    0.0    0.0   75.8  999.2 1007.0   13.3
202604201646   833  243.7    5.5  249.6    8.0  242.7    4.3   16.5    0.0    0.0    0.0    0.0    0.0   75.6  987.5 1007.9   12.2
202604201646   834  295.3    5.5  310.6    7.5  278.9    5.8   13.0    1.0    0.0    0.5    0.5    0.5   88.9  975.0 1008.4   11.2
202604201646   835  271.3    2.9  268.3    3.5  276.9    3.6   17.7    1.0    0.0    0.0    0.0    0.0   69.4  985.6 1007.1   12.0
202604201646   836  331.5    1.5   29.8    3.4  286.8    1.9   17.1    0.0    0.0    0.0    0.0    0.0   74.6  970.0 1006.4   12.6
202604201646   837  283.8    2.6  256.1    3.9  285.8    2.2   18.1    0.0    0.0    0.0    0.0    0.0   67.7  986.0 1007.7   12.0
202604201646   838  282.1    4.2  289.4    5.2  280.4    4.1   13.4    0.0    0.0    0.5    0.5    0.5   85.4  955.9 1008.3   11.0
202604201646   839  272.4    4.1  277.7    6.6  270.8    4.3   19.9    0.0    0.0    0.0    0.0    0.0   62.2  991.8 1006.7   12.5
202604201646   840  282.4    2.6  278.8    3.4  250.0    1.9   20.5    0.0    0.0    0.0    0.0    0.0   66.0  998.2 1006.4   13.9
202604201646   841  310.6    2.0  341.5    3.1   14.5    2.5   19.5    0.0    0.0    0.0    0.0    0.0   64.2  990.2 1006.2   12.6
202604201646   842  220.3    1.9  232.6    3.0  226.7    1.9   19.4    0.0    0.0    0.0    0.0    0.0   64.1  987.6 1007.3   12.4
202604201646   843  266.7    2.6  308.6    5.4  276.7    3.7   20.1    0.0    0.0    0.0    0.0    0.0   52.5  979.7 1004.9   10.1
202604201646   844  257.4    2.6  255.9    3.2  263.1    2.1   21.4    0.0    0.0    0.0    0.0    0.0   51.6 1003.4 1006.0   11.0
202604201646   845  286.1    2.5  273.2    4.0  292.6    2.6   21.0    0.0    0.0    0.0    0.0    0.0   54.0 1004.3 1007.8   11.3
202604201646   846  328.8    2.4  341.1    3.0  295.4    1.7   20.5    0.0    0.0    0.0    0.0    0.0   55.9  999.2 1008.0   11.4
202604201646   847  270.3    3.1  259.3    4.8  293.6    3.0   19.0    0.0    0.0    0.0    0.0    0.0   63.1 1000.6 1008.8   11.8
202604201646   848  259.4    1.5  260.4    1.8  217.1    0.9   20.8    0.0    0.0    0.0    0.0    0.0   58.7  995.3 1007.3   12.4
202604201646   849  215.8    3.7  229.1    4.8  217.0    4.2   17.7    0.0    0.0    0.0    0.0    0.0   74.7  999.1 1009.1   13.2
202604201646   850  314.4    3.8  307.3    5.1  299.9    3.0   20.2    0.0    0.0    0.5    1.0    1.0   71.4 1006.6 1007.4   14.9
202604201646   851  122.3    2.8  118.7    4.2  101.0    3.4   21.6    0.0    0.0    0.0    0.0    0.0   50.1  996.1 1005.3   10.8
202604201646   852  242.2    2.9  200.5    4.3  248.0    3.9   21.8    0.0    0.0    0.0    0.0    0.0   48.4  999.7 1004.4   10.4
202604201646   853  283.9    3.0  301.5    4.3  277.5    2.7   16.2    0.0    0.0    0.0    0.0    0.0   68.1  943.5 1008.2   10.3
202604201646   854  217.0    4.9  242.0    6.4  228.0    4.2   19.6    0.0    0.0    0.0    0.0    0.0   70.6  988.1 1007.4   14.1
202604201646   855  336.3   12.9  338.2   14.5  336.3   12.5   14.3    0.0    0.0    0.0    0.0    0.0   94.3 1013.0 1013.5   13.4
202604201646   856  162.0    1.2  204.0    2.7   61.3    1.5   14.3    0.0    0.0    0.0    1.0    1.0   88.8  951.3 1010.7   12.5
202604201646   857  257.2    3.7  259.2    4.8  268.0    4.6   16.0    0.0    0.0    0.0    0.0    0.0   76.6 1010.2 1011.2   11.9
202604201646   858   15.0    4.1   44.0    7.0  359.5    3.6   12.0    0.0    0.0    0.0    0.0    0.0   77.6 1009.6 1013.8    8.2
202604201646   859  271.7    2.2  256.6    2.8  281.3    2.0   16.0    0.0    0.0    0.0    0.0    0.0   75.6  953.2 1007.6   11.7
202604201646   860  272.8    1.2  327.1    2.8  278.3    1.8   21.0    0.0    0.0    0.0    0.0    0.0   55.9 1000.9 1007.7   11.9
202604201646   861  270.9    6.2  274.5    7.7  262.4    6.2   14.0    0.0    0.0    0.0    0.0    0.0   94.4 1010.3 1012.8   13.1
202604201646   862  308.5    6.2  314.7    7.6  308.1    7.2   13.8    0.0    0.0    0.0    0.5    0.5   93.2  988.3 1011.5   12.7
202604201646   863  257.0    1.5  277.0    2.0  277.0    2.5   13.2    0.0    0.0    0.5    1.5    1.5   94.2 1007.2 1013.5   12.3
202604201646   864  253.7    3.5  228.8    5.3  247.3    3.1   10.7    0.0    0.0    0.0    2.0    2.0   84.5 1005.9 1012.5    8.2
202604201646   865  292.1    3.2  268.7    4.5  288.9    3.5   12.5    0.0    0.0    1.0    2.0    2.0   97.5  986.3 1014.1   12.1
202604201646   867  257.1    4.9  254.7    5.8  282.8    3.3    8.2    0.0    0.0    0.0    3.5    3.5  100.0  846.9 1013.0    8.2
202604201646   868  310.4    2.2  302.2    3.8  302.3    2.2    8.9    0.0    0.0    0.5    5.5    5.5   99.9  857.9 1013.1    8.9
202604201646   869  269.0    2.2  262.9    3.4  299.2    2.4    9.6    0.0    0.0    0.0    1.5    1.5  100.0  873.4 1014.5    9.6
202604201646   870  302.7    3.4  299.6    4.7  306.5    3.4    8.4    0.0    0.0    0.0    0.5    0.5  100.0  847.4 1011.7    8.4
202604201646   871    9.2    4.2  356.0    5.0    5.9    3.4    7.5    0.0    0.0    0.0    2.0    2.0  100.0  829.5 1013.0    7.5
202604201646   872  197.2    2.7  226.2    3.5  115.2    1.7   13.9    0.0    0.0    0.0    0.0    0.0   71.9  911.3 1009.2    8.9
202604201646   874  228.3    5.4  230.0    7.2  278.0    3.9   14.0    0.0    0.0    0.0    0.0    0.0   44.7  989.7 1009.0    2.2
202604201646   875  -99.9  -99.9  -99.9  -99.9  -99.9  -99.9  -99.9  -99.9  -99.9  -99.9  -99.9  -99.9  -99.9  -99.9  -99.9  -99.9
202604201646   876  186.0    4.0  215.0    8.6  228.6    4.2   21.2    0.0    0.0    0.0    0.0    0.0   49.2  998.0 1004.6   10.1
202604201646   877  210.2    4.5  208.5    6.3  222.8    4.4   12.8    0.0    0.0    0.0    0.5    0.5   81.9 1002.5 1009.6    9.8
202604201646   878  250.9    3.1  311.1    6.1  245.9    3.5   13.9    0.0    0.0    0.0    0.0    0.0   72.8  912.6 1004.5    9.1
202604201646   881  312.0    4.3  323.0    5.9  305.7    3.8   10.2    0.0    0.0    0.0    0.5    0.5   70.9 1013.1 1014.4    5.2
202604201646   882   44.7    8.9   67.1   11.8   61.1    8.6    9.2    0.0    0.0    0.0    0.0    0.0   82.6  997.8 1012.4    6.4
202604201646   883   25.7    5.4   11.9    6.7   30.9    5.7   11.1    0.0    0.0    0.5    2.0    2.0   99.6  962.2 1013.4   11.0
202604201646   885  141.7    2.8  129.7    3.9  157.0    2.8   18.7    0.0    0.0    0.0    2.5    2.5   73.2  983.2 1011.4   13.8
202604201646   886  287.0    6.3  305.0    7.7  292.5    4.8   10.5    0.0    0.0    0.0    0.5    0.5   68.4 1013.3 1014.0    4.9
202604201646   888   58.4    1.9   81.7    2.8  346.5    1.7   13.1    0.0    0.0    0.0    1.0    1.0   86.4  999.2 1010.7   10.9
202604201646   889  252.4    5.3  248.6    7.6  253.4    4.5   13.5    0.0    0.0    0.0    0.0    0.0   60.2 1008.2 1010.1    5.9
202604201646   890  270.8    4.0  275.6    4.9  271.9    4.5   17.0    0.0    0.0    0.0    1.0    1.0   88.2  979.0 1010.9   15.0
202604201646   892  309.8    5.9  306.6    7.6  320.4    6.9   16.3    0.0    0.0    0.0    0.0    0.0   90.2  999.4 1011.5   14.7
202604201646   893   81.0    1.5   26.3    2.6  127.9    1.5   13.5    0.0    0.0    0.0    0.0    0.0   87.1 1013.7 1014.3   11.4
202604201646   898  221.0    1.0  197.4    2.0  214.3    1.7   20.9    1.0    0.0    0.0    0.0    0.0   71.4 1007.7 1007.9   15.5
202604201646   899  295.0    2.6  265.3    4.0  300.5    3.4   20.1    0.0    0.0    0.0    0.0    0.0   61.9 1004.6 1008.5   12.6
202604201646   900   45.5    0.8   60.9    1.1  285.8    0.5   18.0    0.0    0.0    0.5    0.5    0.5   83.3  993.1 1006.8   15.1
202604201646   901  196.7    4.2  208.5    6.1  203.1    4.4   16.0    0.0    0.0    0.0    0.0    0.0   91.2  998.7 1006.7   14.6
202604201646   902  250.9    2.9  275.0    3.3  211.0    2.3   20.4    0.0    0.0    0.0    0.0    0.0   54.3  991.7 1007.5   10.9
202604201646   903  284.2    0.7  309.5    1.3  252.7    0.5   20.6    0.0    0.0    0.0    0.0    0.0   67.1 1005.9 1007.6   14.3
202604201646   904  216.5    3.9  221.7    4.7  207.0    3.6   19.9    0.0    0.0    0.0    0.0    0.0   72.1 1007.2 1007.3   14.7
202604201646   905  178.0    1.8  188.8    2.8  188.3    1.4   19.4    0.0    0.0    0.5    0.5    0.5   79.0  998.3 1008.0   15.7
202604201646   906  170.0    1.5  206.7    3.1  157.6    1.2   18.4    0.0    0.0    0.0    0.0    0.0   72.4  999.6 1010.1   13.4
202604201646   907  239.2    3.7  251.9    4.8  238.1    3.2   19.0    0.0    0.0    0.0    0.0    0.0   67.6 1005.4 1008.8   12.9
202604201646   908  258.1    2.9  266.2    5.1  266.1    3.4   19.9    0.0    0.0    0.0    0.0    0.0   70.2 1007.6 1009.0   14.3
202604201646   909  337.0    2.0  256.1    4.5  321.9    1.6   17.8    0.0    0.0    0.0    0.0    0.0   82.0  996.7 1009.5   14.7
202604201646   910  211.9    0.0  187.2    0.0  221.5    1.5   15.5    0.0    0.0    0.0    0.0    0.0   95.6  991.0 1007.3   14.8
202604201646   911  246.6    7.7  242.3    9.4  246.2    7.9   16.0    0.0    0.0    0.0    0.0    0.0   90.8 1001.4 1009.5   14.5
202604201646   912  271.2    4.5  277.9    5.7  272.7    4.5   16.3    0.0    0.0    0.0    0.0    0.0   79.5  994.6 1011.1   12.8
202604201646   913  233.0    4.4  233.1    6.9  237.4    2.9   19.6    0.0    0.0    0.0    0.0    0.0   67.5 1006.2 1008.5   13.4
202604201646   914  329.7    3.0  258.8    5.5  340.7    2.6   13.9    1.0    0.0    0.0    0.0    0.0   86.9  969.4 1010.7   11.8
202604201646   915  303.9    4.6  310.0    6.3  307.0    4.9   19.0    0.0    0.0    0.0    0.0    0.0   67.3  997.8 1007.7   12.8
202604201646   916  308.8    2.6  264.2    3.2  318.1    3.3   20.0    0.0    0.0    0.0    0.0    0.0   65.3 1001.5 1007.9   13.3
202604201646   917  279.0    1.5  245.0    2.3  274.3    2.2   20.3    0.0    0.0    0.0    0.0    0.0   58.9 1006.6 1009.6   12.0
202604201646   918  258.1    5.2  256.2    7.0  247.2    4.2   20.9    0.0    0.0    0.0    0.0    0.0   61.3 1008.0 1008.8   13.2
202604201646   919  308.8    1.1  315.2    1.7  283.5    1.1   20.8    0.0    0.0    0.0    0.0    0.0   63.9 1006.0 1009.5   13.7
202604201646   920  267.7    3.7  276.9    4.8  268.4    3.9   19.9    0.0    0.0    0.0    0.0    0.0   70.1 1007.7 1008.7   14.3
202604201646   921  262.8    0.4  197.5    1.7  198.5    1.6   17.9    0.0    0.0    0.0    0.0    0.0   84.9  999.1 1007.9   15.3
202604201646   922  209.0    0.3  186.6    0.5  148.8    0.7   19.3    0.0    0.0    0.0    0.0    0.0   68.5  991.8 1007.8   13.4
202604201646   923  246.4    2.4  218.6    4.3  234.5    2.7   20.5    0.0    0.0    0.0    0.0    0.0   67.1 1000.5 1008.1   14.2
202604201646   924  201.0    6.7  215.0   11.1  200.5    6.3   17.3    0.0    0.0    0.0    0.0    0.0   83.5 1005.0 1007.6   14.5
202604201646   925  205.6    3.3  220.9    4.5  191.5    2.3   20.0    0.0    0.0    0.0    0.0    0.0   72.9 1005.1 1006.1   15.0
202604201646   926  284.8    0.8  289.8    1.8  282.5    2.0   21.1    0.0    0.0    0.0    0.0    0.0   74.3 1007.3 1008.8   16.4
202604201646   927  224.8    2.1  228.9    3.2  238.3    1.2   20.9    0.0    0.0    0.0    0.0    0.0   58.5  992.7 1007.3   12.5
202604201646   929  310.5    4.1  306.4    5.4  277.5    3.4   20.1    0.0    0.0    0.0    0.0    0.0   62.8  993.8 1008.8   12.8
202604201646   930  276.5    2.6  272.6    4.0  270.3    3.7   19.9    0.0    0.0    0.0    0.0    0.0   69.9 1008.4 1009.2   14.2
202604201646   931  276.9    3.6  277.0    5.1  279.8    3.9   18.6    0.0    0.0    0.0    0.0    0.0   77.9 1000.9 1009.8   14.7
202604201646   932  316.9    5.1  343.3    6.4  322.0    5.1   20.0    0.0    0.0    0.0    0.0    0.0   66.9 1009.5 1010.0   13.7
202604201646   933  330.7    2.6  328.6    2.9  303.0    1.9   19.8    0.0    0.0    0.0    0.0    0.0   65.7 1006.1 1009.9   13.2
202604201646   934  217.6    2.2  235.5    3.3  230.0    1.0   20.7    0.0    0.0    0.0    0.0    0.0   57.5  998.8 1008.4   12.0
202604201646   935  244.2    4.2  250.4    5.4  245.3    4.1   20.3    0.0    0.0    0.0    0.0    0.0   57.4 1006.2 1008.9   11.6
202604201646   936  287.5    4.2  281.9    5.8  274.8    4.3   19.6    0.0    0.0    0.0    0.0    0.0   56.6 1002.0 1009.1   10.8
202604201646   937  222.1    0.8  231.6    1.4  219.8    0.8   18.4    0.0    0.0    0.0    0.0    0.0   84.3  997.5 1007.0   15.7
202604201646   938  285.1    1.9  309.4    3.2  285.1    1.8   19.6  -99.2    0.0    0.0    0.0    0.0   68.1  994.9 1008.1   13.6
202604201646   939  250.5    3.5  239.4    5.6  238.3    3.8   20.1    0.0    0.0    0.0    0.0    0.0   66.1 1002.2 1007.9   13.6
202604201646   940  200.4    2.8  202.7    5.2  208.9    2.4   20.2    0.0    0.0    0.0    0.0    0.0   64.3  999.6 1007.7   13.3
202604201646   941  214.3    1.4  199.6    2.3  228.6    2.1   20.6    0.0    0.0    0.0    0.0    0.0   65.3 1008.1 1008.9   13.9
202604201646   942  221.8    3.2  263.0    5.4  212.2    3.0   18.0    0.0    0.0    0.0    0.0    0.0   73.8  994.6 1009.1   13.3
202604201646   943  148.2    0.7  180.9    1.0  190.2    0.7   15.3    1.0    0.5    0.5    0.5    0.5   87.3  953.8 1006.7   13.2
202604201646   944  279.2    1.8  297.8    2.5  262.7    2.2   20.5    0.0    0.0    0.0    0.0    0.0   60.3 1006.9 1008.1   12.6
202604201646   945  276.0    4.3  260.0    7.6  253.9    3.7   16.7    0.0    0.0    0.0    0.0    0.0   68.7  983.5 1010.4   10.9
202604201646   946  121.0    2.3  118.5    2.8  116.4    2.4   15.4    0.0    0.0    0.0    0.0    0.0   76.4  972.4 1010.1   11.3
202604201646   947  246.6    0.6  252.9    1.4  247.6    1.0   17.7    0.0    0.0    0.0    0.0    0.0   73.7 1006.0 1009.6   12.9
202604201646   948   43.7    3.1   42.2    3.8   51.0    3.4   19.9    0.0    0.0    0.0    0.0    0.0   64.5  993.1 1009.3   13.0
202604201646   949  111.2    0.4  185.8    0.8  106.3    0.8   20.7    0.0    0.0    0.0    0.0    0.0   57.2 1006.9 1007.8   11.9
202604201646   950  193.4    2.0  144.9    2.7  171.2    2.3   18.2    0.0    0.0    0.0    0.0    0.0   81.3  992.1 1006.9   14.9
202604201646   951  314.6    2.6  203.7    3.7  302.9    3.0    9.5    0.0    0.0    0.0    2.0    2.0   89.9 1000.2 1013.0    7.9
202604201646   953  221.6    2.6  245.6    3.6  208.6    2.8   19.8    0.0    0.0    0.0    0.0    0.0   69.9 1004.5 1008.1   14.2
202604201646   954  225.0    1.9  255.0    3.6  213.9    2.4   19.8    0.0    0.0    0.0    0.0    0.0   76.1 1000.9 1007.2   15.5
202604201646   955  278.7    9.6  278.0   10.4  281.6    9.0    9.2  -99.7  -99.9  -99.9  -99.9  -99.7   67.9 1010.5 1012.7    3.6
202604201646   956  298.4   11.4  297.3   12.3  299.0   11.5    8.2  -99.7  -99.9  -99.9  -99.9  -99.7   65.3 1011.1 1013.1    2.1
202604201646   957  313.2   10.2  316.6   11.9  314.6   10.6    6.5    0.0  -99.9  -99.9  -99.9  -99.7   59.9 1003.1 1014.8   -0.7
202604201646   958    9.1    7.9    6.0    8.5   10.6    7.9    9.4  -99.7  -99.9  -99.9  -99.9  -99.7   69.3 1012.7 1014.5    4.1
202604201646   959  347.7   10.8  351.5   12.1  326.1   10.9   11.4  -99.7  -99.9  -99.9  -99.9  -99.7   84.8 1012.6 1014.1    8.9
202604201646   960   58.0    4.2   59.6    4.6   82.3    3.8   18.7  -99.7  -99.9  -99.9  -99.9  -99.7   77.3 1009.6 1011.7   14.6
202604201646   961  265.0    8.8  263.0    9.5  264.1    8.9   16.2  -99.7  -99.9  -99.9  -99.9  -99.7   84.5 1007.9 1011.1   13.6
202604201646   963  253.4    3.9  254.3    4.3  218.7    6.8   18.4  -99.7  -99.9  -99.9  -99.9  -99.7   78.9 1006.4 1008.3   14.7
202604201646   964  293.8    4.1  288.0    5.6  290.1    3.7   14.2    0.0    0.0    0.0    0.0    0.0   79.3 1006.5 1012.5   10.7
202604201646   965  354.1    2.1  310.3    5.1  338.1    2.4    8.1    0.0  -99.9  -99.9  -99.9  -99.2   98.7  -99.7  -99.9    7.9
202604201646   966  275.0   13.2  282.2   15.1  274.0   12.6    8.5    0.0    0.0    0.0    0.0    0.0   58.4 1006.3 1010.9    0.8
202604201646   967  289.4    9.8  274.6   11.6  288.2   11.0    9.0    0.0    0.0    0.0    0.0    0.0   59.7 1003.6 1012.1    1.6
202604201646   970  261.4    4.7  276.2    7.1  272.6    6.2   13.4    0.0    0.0    0.0    0.0    0.0   46.1  987.7 1008.9    2.0
202604201646   972  268.3    1.3  233.4    3.0  248.7    1.4   18.3    0.0    0.0    0.0    0.0    0.0   63.7  998.2 1008.5   11.3
202604201646   973  253.1    4.8  256.5    5.9  258.8    4.7   12.8    0.0    0.0    0.0    0.0    0.0   82.6 1007.5 1012.3    9.9
202604201646   974  305.6    4.2  304.0    4.8  313.2    3.4   20.4    0.0    0.0    0.0    0.0    0.0   62.2 1007.0 1009.0   12.9
202604201646   977  259.8    4.0  274.2    5.6  255.3    4.5   12.6    0.0    0.0    0.0    0.1    0.1   78.0 1006.1 1010.9    8.9
202604201646   978  199.2    4.1  204.0    5.0  187.1    4.1   13.9    0.0    0.0    0.0    2.3    2.3   82.5  991.7 1008.3   11.0
202604201646   980  203.9    3.6  280.1    9.2  248.4    4.4   20.8    0.0    0.0    0.0    0.0    0.0   60.2  994.7 1010.3   12.8
202604201646   984  241.3    8.7  241.6    9.9  243.4    8.9   16.8  -99.7  -99.9  -99.9  -99.9  -99.7   86.3 1004.4 1008.6   14.5
202604201646   989  312.5    5.0  309.7    8.1  313.9    6.1   13.9    0.0    0.0    0.0    0.0    0.0   93.1 1000.6 1011.4   12.8
202604201646   990   88.6    4.1   95.3    4.8   50.3    5.8   12.9    0.0    0.0    0.0    0.0    0.0   93.3 1004.7 1014.0   11.8
202604201646   991  275.8    0.8  293.1    1.3  278.8    1.3   21.3    0.0    0.0    0.0    0.0    0.0   66.9 1005.1 1008.3   14.9
202604201646   992  303.4    4.1  305.9    4.8  298.8    3.9   20.9    0.0    0.0    0.0    0.0    0.0   59.4 1004.0 1008.1   12.7
202604201646   993   42.2    5.3   38.5    8.5   37.0    6.0   11.5    0.0    0.0    0.0    1.5    1.5  100.0  980.5 1013.6   11.5
202604201646   994  311.7    7.6  303.8    7.9  318.3    7.9   10.7    0.0    0.0    0.0    0.0    0.0   75.8 1013.9 1014.3    6.6
202604201646   995  255.6    2.0  267.4    2.5  250.6    2.7   19.6    0.0    0.0    0.0    0.0    0.0   63.5  996.5 1005.8   12.5
202604201646   996  269.7    4.0  265.7    7.1  262.1    4.2   12.6    1.0    0.0    0.5    0.5    0.5   95.6  966.9 1009.1   11.9
#7777END
