#START7777
#--------------------------------------------------------------------------------------------------
#  WD1    : 1분 평균 풍향 (degree) : 0-N, 90-E, 180-S, 270-W, 360-무풍 
#  WS1    : 1분 평균 풍속 (m/s) 
#  WDS    : 최대 순간 풍향 (degree) 
#  WSS    : 최대 순간 풍속 (m/s) 
#  WD10   : 10분 평균 풍향 (degree) 
#  WS10   : 10분 평균 풍속 (m/s) 
#  TA     : 1분 평균 기온 (C) 
#  RE     : 강수감지 (0-무강수, 0이 아니면-강수) 
#  RN-15m : 15분 누적 강수량 (mm) 
#  RN-60m : 60분 누적 강수량 (mm) 
#  RN-12H : 12시간 누적 강수량 (mm) 
#  RN-DAY : 일 누적 강수량 (mm) 
#  HM     : 1분 평균 상대습도 (%) 
#  PA     : 1분 평균 현지기압 (hPa) 
#  PS     : 1분 평균 해면기압 (hPa) 
#  TD     : 이슬점온도 (C) 
#  *) -50 이하면 관측이 없거나, 에러처리된 것을 표시 
#--------------------------------------------------------------------------------------------------
# YYMMDDHHMI   STN    WD1    WS1    WDS    WSS   WD10   WS10     TA     RE RN-15m RN-60m RN-12H RN-DAY     HM     PA     PS     TD
#        KST    ID    deg    m/s    deg    m/s    deg    m/s      C      1     mm     mm     mm     mm      %    hPa    hPa     C
202604201645    90  244.0    5.3  281.0    8.1  279.0    5.3   20.6    0.0    0.0    0.0    0.1    0.1   47.0 1000.9 1002.9    8.9
202604201645    92  280.0   10.1  300.0   15.9  270.0    8.5   19.4  -99.7    0.0    0.0    0.0    0.0   53.0  995.6 1003.2    9.6
202604201645    93  196.5    4.5  199.8    5.7  183.6    4.3   14.3    0.0    0.0    0.0    2.3    2.3   80.9  997.1 1008.4   11.1
202604201645    95  257.1    0.7  258.8    1.3  261.8    1.3   14.2    0.0    0.0    0.0    0.4    0.4   62.6  990.9 1009.3    7.2
202604201645    96  219.0    6.7  224.6   10.0  219.9    6.7   16.1  -99.2    0.0    0.0    0.0    0.0   91.9  994.4 1006.0   14.8
202604201645    98  242.2    4.2  208.3    6.8  259.1    4.1   14.7    0.0    0.0    0.0    0.5    0.5   36.5  996.0 1009.7   -0.0
202604201645    99  343.6    4.5  346.2    6.3  343.2    3.2   14.3    0.0    0.0    0.0    0.0    0.0   44.5 1007.1 1010.7    2.4
202604201645   100  277.6   10.5  270.2   13.9  274.0   10.7   11.8    0.0    0.0    0.0    0.2    0.2   83.7  916.6 1004.4    9.1
202604201645   101  211.1    0.5  170.2    2.8  184.3    2.8   14.9    0.0    0.0    0.0    2.0    2.0   74.4  998.6 1007.6   10.4
202604201645   102  291.8    6.6  292.7   10.3  296.4    6.8    9.9    0.0    0.0    0.0    0.0    0.0   55.9 1008.1 1012.5    1.5
202604201645   104  258.2    3.2  241.1    7.2  242.1    4.9   19.7    0.0    0.0    0.0    0.0    0.0   56.8  994.1 1002.8   10.9
202604201645   105  245.6    3.1  267.9    4.5  247.4    3.8   20.5    0.0    0.0    0.0    0.0    0.0   51.7 1001.4 1004.5   10.2
202604201645   106  243.0    1.3  311.0    2.4  239.2    4.0   21.7    0.0    0.0    0.0    0.0    0.0   47.4 1000.0 1004.7   10.0
202604201645   108  223.7    3.9  210.6    5.4  208.7    4.2   14.1    0.0    0.0    0.0    0.8    0.8   60.8  999.9 1010.1    6.6
202604201645   110  260.0    5.3  290.0    7.4  260.0    6.4   14.2  -99.7    0.0    0.0    0.3    0.3   56.0 1008.5 1010.7    5.6
202604201645   112  248.0    4.5  266.8    5.8  272.2    4.1   12.9    0.0    0.0    0.0    0.0    0.0   50.7 1002.5 1010.7    2.9
202604201645   113  270.0    9.5  280.0   12.1  270.0    8.5   12.0  -99.7    0.0    0.0    0.0    0.0   54.0 1010.8 1011.6    3.0
202604201645   114  227.0    4.3  226.0    5.4  240.1    3.7   13.3    0.0    0.0    0.0    1.3    1.3   81.3  991.7 1009.5   10.2
202604201645   115  227.0   10.9  228.9   13.0  229.1    8.7   16.3    0.0    0.0    0.0    0.0    0.0   87.6  979.6 1005.3   14.2
202604201645   116  281.0    0.6   90.0    2.0  268.4    0.7    8.7    0.0    0.0    0.0    0.0    0.0   68.7  937.0 1010.0    3.3
202604201645   119  270.7    3.7  250.5    7.0  264.6    4.6   11.8    0.0    0.0    0.0    0.3    0.3   59.1 1006.1 1010.9    4.1
202604201645   121  269.1    3.3  231.5    4.2  255.8    2.7   15.2    1.0    0.0    0.1    0.1    0.1   79.4  980.2 1008.3   11.7
202604201645   127  265.5    2.2  278.6    3.1  252.2    2.9   13.3    0.0    0.0    0.1    1.6    1.6   79.1  995.7 1009.3    9.8
202604201645   129  269.4    7.3  281.7    8.9  288.2    6.3   10.6    0.0    0.0    0.0    0.3    0.3   50.0 1009.7 1012.8    0.6
202604201645   130  258.1    2.8  290.6    4.1  248.7    2.8   22.7    0.0    0.0    0.0    0.0    0.0   46.8  999.5 1005.1   10.8
202604201645   131  281.9    1.8  312.3    2.5  278.8    1.5   14.1    0.0    0.0    0.0    0.3    0.3   75.2 1003.5 1010.5    9.8
202604201645   133  299.2    3.1  270.9    5.5  310.0    3.2   13.4    0.0    0.0    0.0    0.2    0.2   75.9 1003.5 1011.6    9.2
202604201645   135  242.4    0.0  244.8    0.0  257.2    2.0   13.8    1.0    0.0    0.4    0.4    0.4   85.8  981.0 1009.8   11.5
202604201645   136  307.1    3.9  309.6    6.3  275.6    4.4   18.3    0.0    0.0    0.0    0.0    0.0   63.2  992.2 1008.6   11.2
202604201645   137  264.8    3.4  239.1    5.7  268.3    3.7   16.6    0.0    0.0    0.0    0.0    0.0   75.8  997.0 1008.3   12.3
202604201645   138  238.5    2.4  228.9    3.6  237.3    2.2   20.6    0.0    0.0    0.0    0.0    0.0   56.0 1006.4 1006.9   11.5
202604201645   140  297.4    6.5  274.0    7.0  279.0    4.9   10.1    0.0    0.0    0.0    0.4    0.4   73.8 1010.9 1014.3    5.6
202604201645   143  297.1    2.8  289.8    4.1  296.5    3.7   20.9    0.0    0.0    0.0    0.0    0.0   53.8 1001.1 1007.4   11.2
202604201645   146  237.1    3.0  218.2    4.5  232.4    4.1   10.0    0.0    0.0    0.0    1.2    1.2   87.8 1006.1 1013.4    8.1
202604201645   151  320.0    3.8  330.0    4.7  310.0    4.1   21.0  -99.7    0.0    0.0    0.0    0.0   71.0 1006.8 1007.8   15.5
202604201645   152  297.4    2.7  261.4    3.5  283.8    2.6   20.1    0.0    0.0    0.0    0.0    0.0   71.0  997.5 1006.9   14.7
202604201645   155  225.0    0.8  272.0    1.3  199.0    1.7   20.6    0.0    0.0    0.0    0.0    0.0   69.8 1004.4 1008.5   14.9
202604201645   156  237.2    2.8  218.8    4.0  251.8    2.3   12.9    0.0    0.0    0.0    0.0    0.0   82.8 1003.5 1011.9   10.0
202604201645   159  248.4    4.5  240.0    6.2  269.3    5.4   19.2  -99.2    0.0    0.0    0.0    0.0   71.2 1000.2 1008.3   13.9
202604201645   160  282.9    1.8  267.2    2.3  273.6    1.3   15.3    0.0    0.0    0.0    0.0    0.0   91.1  949.8 1008.5   13.9
202604201645   162  249.9    4.5  250.4    5.9  255.6    4.1   19.5    0.0    0.0    0.0    0.0    0.0   69.1 1004.9 1008.5   13.7
202604201645   163  340.0    7.0   10.0   10.4  340.0    6.5   11.5  -99.7    0.0    0.0    0.0    0.0   82.0 1013.0 1014.2    8.5
202604201645   165  293.3    6.8   35.8    8.5  325.2    8.6   10.9    0.0    0.0    0.0    0.0    0.0   78.4 1008.4 1013.8    7.3
202604201645   167  320.0    3.8  340.0    4.8  310.0    4.4   19.9  -99.7    0.0    0.0    0.0    0.0   67.0 1009.5 1010.6   13.6
202604201645   168  292.4    8.9  296.0   10.7  298.0    7.0   19.6    0.0    0.0    0.0    0.0    0.0   65.2 1002.3 1010.0   12.9
202604201645   169  336.0   10.5  343.0   12.1  336.6   10.7   11.0    0.0    0.0    0.0    0.0    0.0   82.3 1005.3 1014.4    8.1
202604201645   170  283.0    5.0  304.0    6.8  293.2    5.5   15.4    0.0    0.0    0.0    0.0    0.0   74.2 1007.9 1012.1   10.8
202604201645   172  302.8    5.3  298.5    7.9  305.8    4.9   10.1    0.0    0.0    0.0    0.3    0.3   92.4 1007.5 1013.9    8.9
202604201645   174  317.4    4.0  333.1    6.4  316.7    3.8   15.5    0.0    0.0    0.0    0.3    0.3   79.6  990.3 1009.7   12.0
202604201645   175  332.5    8.3  337.7   13.1  328.4    9.1    8.1    0.0    0.0    0.0    0.0    0.0   99.9  957.1 1013.9    8.1
202604201645   177  237.9    1.9  256.7    4.2  238.9    3.5   12.4    0.0    0.0    0.0    0.1    0.1   49.6 1007.8 1011.1    2.2
202604201645   181  226.3    2.6  231.0    3.5  279.0    2.3   13.2    0.0    0.0    0.0    0.2    0.2   74.8 1007.1 1011.1    8.8
202604201645   182  260.0    2.5  280.0    3.8  280.0    3.6   13.5  -99.7    0.0    0.0    0.0    0.0   91.0 1011.2 1014.2   12.1
202604201645   184  287.1    4.3  289.1    6.0  297.0    3.7   14.0    0.0    0.0    0.6    0.6    0.6   88.9 1011.0 1013.5   12.2
202604201645   185  346.4   10.5  343.6   13.0  337.2   11.2   12.9    0.0    0.0    0.0    0.0    0.0   88.3 1004.9 1013.5   11.0
202604201645   188  295.2    6.0  284.4    7.3  284.8    5.6   18.3    0.0    0.0    0.0    1.2    1.2   74.4 1009.7 1012.1   13.7
202604201645   189   51.0    2.2   90.0    3.6   32.0    2.1   22.1    0.0    0.0    0.0    0.0    0.0   63.6 1005.5 1011.5   14.9
202604201645   192  -99.9  -99.9  -99.9  -99.9  -99.9  -99.9  -99.9  -99.9  -99.9  -99.9  -99.9  -99.9  -99.9  -99.9  -99.9  -99.9
202604201645   201  261.3    4.0  284.2    6.2  262.3    4.3   14.0    0.0    0.0    0.0    0.1    0.1   34.8 1005.5 1011.2   -1.3
202604201645   202  271.7    2.8  258.8    4.2  258.0    3.2   13.9    0.0    0.0    0.0    0.2    0.2   69.4 1004.0 1009.6    8.4
202604201645   203  202.7    4.5  177.3    6.6  214.7    2.7   13.2    0.0    0.0    0.0    0.1    0.1   75.2 1000.9 1010.5    8.9
202604201645   211  166.9    3.9  168.8    7.8  181.3    3.4   14.7    0.0    0.0    0.0    2.0    2.0   73.3  982.7 1006.4   10.0
202604201645   212  192.8    2.0  213.8    4.4  223.0    1.8   15.0    0.0    0.0    0.0    0.2    0.2   69.2  991.9 1008.4    9.4
202604201645   216  217.0    2.7  287.0    4.7  199.4    2.3   14.6    1.0    0.0    0.0    0.0    0.0   71.0  924.5 1005.3    9.4
202604201645   217  204.4    2.7  207.7    5.6  190.6    3.6   14.9    0.0    0.0    0.2    0.2    0.2   73.8  970.9 1007.2   10.3
202604201645   221  247.1    2.8  222.3    3.8  248.0    3.9   13.2    0.0    0.0    0.4    1.3    1.3   82.1  977.8 1008.9   10.2
202604201645   226  298.5    2.7  301.2    3.3  299.2    2.4   14.0    0.0    0.0    0.2    0.5    0.5   83.8  990.2 1010.4   11.3
202604201645   229  303.4   11.2  303.5   14.0  306.5   11.8    8.2    0.0    0.0    0.0    0.0    0.0   56.7 1000.1 1012.8    0.1
202604201645   230  278.0    8.5  278.8   10.9  278.7    7.9    9.7    0.0    0.0    0.0    0.0    0.0   61.0 1011.9 1013.4    2.5
202604201645   232  258.9    3.1  267.3    4.4  263.1    2.7   11.7    0.0    0.0    0.0    0.4    0.4   78.3 1001.4 1011.6    8.1
202604201645   235  334.0    1.2  152.0    4.4  327.0    1.1   10.6    0.0    0.0    0.0    0.3    0.3   71.7 1011.8 1013.0    5.7
202604201645   236  285.5    2.7  304.0    3.5  269.2    2.4   12.8    0.0    0.0    0.0    0.0    0.0   57.2 1011.1 1012.7    4.5
202604201645   238  256.3    2.5  244.8    4.0  240.8    1.9   13.5    0.0    0.0    0.0    0.5    0.5   85.6  990.4 1010.5   11.1
202604201645   239  214.0    0.0   30.4    0.8  211.9    1.2   11.9    0.0    0.0    0.0    0.2    0.2   81.0 1000.3 1011.0    8.7
202604201645   243  305.1    4.4  301.2    6.0  302.0    3.5   10.6    0.0    0.0    0.0    0.2    0.2   69.3 1012.7 1014.2    5.2
202604201645   244  335.7    2.5  337.7    3.5  344.8    2.3   11.5    0.0    0.0    0.0    0.0    0.0   84.8  982.8 1012.2    9.0
202604201645   245  316.0    3.5  335.0    4.3  331.0    3.6   10.5    0.0    0.0    0.0    0.3    0.3   80.2 1005.8 1014.1    7.2
202604201645   247  321.3    1.4  222.3    3.5  328.8    1.6   13.4    0.0    0.0    0.0    0.0    0.0   77.5  995.8 1011.7    9.5
202604201645   248  347.2    1.9  315.2    3.4  318.2    2.1   13.1    0.0    0.0    0.0    0.0    0.0   88.2  963.7 1011.2   11.2
202604201645   251  324.1    4.9  326.5    7.2  314.1    3.6   11.1    0.0    0.0    0.0    0.8    0.8   82.4 1006.5 1013.6    8.2
202604201645   252  -99.7    3.2  323.3    5.8  334.6    3.4   10.1    0.0    0.0    0.0    0.0    0.0   77.4 1009.8 1014.3    6.3
202604201645   253  302.2    1.8  304.0    2.8  261.9    2.5   20.5    0.0    0.0    0.0    0.0    0.0   68.2 1002.6 1008.9   14.4
202604201645   254  323.5    2.2   97.7    3.4  331.5    3.5   12.9    0.0    0.0    0.0    0.0    0.0   76.3  997.3 1012.7    8.8
202604201645   255  179.6    2.2  173.8    2.8  181.7    1.4   19.3    1.0    0.0    0.0    0.0    0.0   79.6 1002.4 1008.3   15.7
202604201645   257  213.3    3.4  201.3    5.0  209.6    3.3   20.5    1.0    0.0    0.0    0.0    0.0   74.0 1006.7 1007.4   15.7
202604201645   258  303.9    4.8  294.7    6.4  297.6    4.3   17.0    0.0    0.0    0.0    0.0    0.0   80.5 1011.5 1011.7   13.6
202604201645   259  280.0    2.5  275.1    4.2  284.7    3.4   14.4    0.0    0.0    0.0    0.0    0.0   77.3 1010.7 1012.6   10.5
202604201645   260  227.6    2.0   17.3    3.2   39.9    3.2   15.0    0.0    0.0    0.0    0.0    0.0   85.5 1006.8 1012.0   12.6
202604201645   261  314.9    2.6  280.7    6.1  297.7    4.6   12.2    0.0    0.0    0.0    0.0    0.0   86.9 1012.1 1014.1   10.1
202604201645   262  344.0    1.7  162.0    4.5   37.0    1.8   17.7    0.0    0.0    0.0    0.0    0.0   76.1 1004.9 1011.0   13.4
202604201645   263  -99.9  -99.9  -99.9  -99.9  -99.9  -99.9  -99.9  -99.9  -99.9  -99.9  -99.9  -99.2  -99.9  -99.9  -99.9  -99.9
202604201645   264  315.4    4.1  313.0    5.8  329.4    3.9   16.1    1.0  -99.9  -99.9  -99.9  -99.2   73.9  993.0 1010.9   11.4
202604201645   266  209.5    1.7  290.3    5.5  260.7    3.9   19.4    0.0    0.0    0.0    0.0    0.0   73.2 1000.1 1010.4   14.5
202604201645   268  270.8    5.1  302.4    7.6  314.7    4.2   12.0    0.0    0.0    0.0    0.0    0.0   79.8 1011.9 1013.1    8.6
202604201645   269   37.3    2.8   72.3    5.1   46.1    1.8    9.8    0.0    0.0    0.0    0.3    0.3   84.4 1011.5 1014.9    7.3
202604201645   271  292.0    4.9  278.6    8.0  289.8    2.7   17.8    0.0    0.0    0.0    0.0    0.0   62.5  969.3 1006.6   10.5
202604201645   272  231.6    2.0  208.3    4.2  269.3    2.3   16.2    0.0    0.0    0.0    0.0    0.0   80.8  983.0 1007.6   12.9
202604201645   273  297.5    3.3  290.0    4.9  301.4    3.9   16.6    0.0    0.0    0.0    0.0    0.0   75.5  987.7 1007.9   12.3
202604201645   276  262.5    5.8  263.0    9.2  290.7    5.4   18.7    0.0    0.0    0.0    0.0    0.0   63.6  982.7 1006.8   11.7
202604201645   277  302.3    5.1  306.7    6.5  292.6    5.4   21.5    0.0    0.0    0.0    0.0    0.0   52.2 1001.6 1006.3   11.3
202604201645   278  330.3    1.7  340.6    2.5  301.1    1.8   19.1    0.0    0.0    0.0    0.0    0.0   65.1  997.8 1007.3   12.4
202604201645   279  323.5    2.8  321.7    6.2  305.1    3.3   18.1    0.0    0.0    0.0    0.0    0.0   67.2 1003.2 1009.0   11.9
202604201645   281  281.6    2.2  287.1    3.0  293.0    1.9   19.6    0.0    0.0    0.0    0.0    0.0   63.4  996.9 1008.0   12.5
202604201645   283  285.1    3.0  291.4    3.3  287.5    2.7   20.3    0.0    0.0    0.0    0.0    0.0   63.9 1003.0 1007.7   13.3
202604201645   284  295.4    6.0  301.8    7.2  315.3    4.7   17.9    0.0    0.0    0.0    0.0    0.0   70.7  982.3 1008.7   12.5
202604201645   285  240.0    1.2  258.8    1.8  229.8    1.1   20.3    0.0    0.0    0.0    0.0    0.0   63.9 1006.0 1009.1   13.3
202604201645   288  260.1    2.3  271.3    3.4  256.1    3.0   21.5    0.0    0.0    0.0    0.0    0.0   62.6 1005.6 1006.6   14.1
202604201645   289  317.6    4.2  326.5    5.7  314.2    3.3   17.9    0.0    0.0    0.0    0.0    0.0   72.5  994.6 1010.7   12.9
202604201645   294  271.9    1.8  247.6    3.2  236.7    2.3   19.9    0.0    0.0    0.0    0.0    0.0   70.8 1004.3 1009.5   14.4
202604201645   295  294.9    1.9  300.8    2.2  316.7    2.4   20.0    0.0    0.0    0.0    0.0    0.0   64.9 1004.6 1009.9   13.2
202604201645   296  128.9    2.1  209.8    3.5  197.3    3.5   20.3    0.0    0.0    0.0    0.0    0.0   78.5 1007.4 1007.7   16.4
202604201645   300  343.4   10.6  345.1   11.6  340.7   10.1    9.8    0.0    0.0    0.0    0.5    0.5   73.7 1008.5 1013.9    5.3
202604201645   301  316.0    3.2  300.0    5.6  329.4    3.1   10.7    0.0    0.0    0.0    0.0    0.0   80.8 1013.0 1014.1    7.5
202604201645   302    5.0    4.6   17.0    6.1    3.0    4.9   12.0    0.0    0.0    0.0    0.0    0.0   80.7 1013.6 1014.3    8.8
202604201645   303  304.1   13.9  297.9   15.7  310.0   13.3   10.4    0.0    0.0    0.0    0.0    0.0   87.4 1001.2 1014.0    8.4
202604201645   304  352.0    5.4    9.0    6.5  354.6    6.8   15.5    0.0  -99.9  -99.9  -99.9  -99.2   79.4 1009.3 1012.3   12.0
202604201645   305   70.2    3.3   70.1    4.8   70.2    3.7   15.0    0.0    0.0    0.0    0.0    0.0   91.0 1008.9 1013.1   13.5
202604201645   306  249.3    3.6  253.9    6.3  253.6    4.2   19.0    0.0    0.0    0.0    0.0    0.0   70.9 1009.0 1009.4   13.6
202604201645   308  331.6    9.2  333.2   10.1  339.2    8.5   11.3    0.0  -99.9  -99.9  -99.9  -99.2   90.7 1012.0 1013.0    9.8
202604201645   309  270.6    3.4  268.9    5.7  281.4    3.3   14.7    0.0    0.0    0.0    0.0    0.0   26.9 1007.3 1010.3   -4.2
202604201645   310  199.3    2.1  197.1    3.4  128.6    2.9   21.7    0.0    0.0    0.0    0.0    0.0   51.1 1001.8 1003.4   11.2
202604201645   311  169.0    2.4  224.0    3.9  180.7    0.8   15.7    0.0    0.0    0.0    0.0    0.0   70.9  941.0 1010.0   10.4
202604201645   312  200.1    1.8  204.1    2.7  205.1    1.6   18.7    0.0    0.0    0.0    0.0    0.0   60.5  976.8 1006.9   10.9
202604201645   313  345.0    2.8   16.0    3.8  254.1    2.2   19.9    0.0    0.0    0.0    0.0    0.0   67.5 1000.1 1008.2   13.7
202604201645   314  265.3    7.0  269.7    9.7  265.1    6.6    6.0    1.0    0.0    1.0    1.5    1.5   99.6  841.5 1009.6    5.9
202604201645   315  337.0    2.5  103.0    5.1  339.3    1.9    9.6    1.0    0.5    0.5    2.5    2.5   98.4  888.2 1011.0    9.4
202604201645   316  322.0    3.6  344.0    8.0  318.8    3.3    7.8    0.0    0.0    0.0    4.5    4.5  100.0  907.9 1012.9    7.8
202604201645   317   15.4    0.9   70.2    1.6  100.4    1.3   10.5    0.0    0.0    0.0    0.5    0.5   85.8 1000.0 1012.8    8.2
202604201645   318  251.9    2.8  282.2    6.0  224.0    2.8   10.9    0.0    0.0    0.0    0.0    0.0   84.3  908.9 1005.7    8.4
202604201645   319  191.7    8.2  187.6   13.2  179.4    6.1   19.7    0.0    0.0    0.0    0.0    0.0   63.7  997.7 1004.4   12.6
202604201645   320  296.6   11.7  314.8   15.4  278.9    9.7    6.5    0.0    0.0    0.0    0.0    0.0   99.1  862.1 1003.6    6.4
202604201645   321  210.0    3.9  207.7    5.7  247.7    2.9   14.6    0.0    0.0    0.0    2.0    2.0   78.2  976.8 1006.4   10.8
202604201645   322   54.1    3.0   29.1    5.0  342.2    3.5   12.5    0.0    0.0    0.0    0.0    0.0   73.6  981.9 1008.3    7.9
202604201645   323  281.6    7.1  269.4    8.8  274.9    7.2   12.9    0.0    0.0    0.0    0.5    0.5   53.2  976.2 1008.7    3.6
202604201645   324  344.8    2.8  343.5    4.7  319.6    1.8   13.9    0.0    0.0    0.0    1.5    1.5   88.2  991.2 1009.6   12.0
202604201645   325  244.0    3.6  278.0    5.9  250.9    3.4   12.9    0.0    0.0    0.5    2.0    2.0   80.0  982.6 1009.9    9.5
202604201645   326   74.5    1.1  120.4    1.9  118.4    1.4   13.3    0.0    0.0    0.0    0.0    0.0   77.9  985.6 1008.2    9.5
202604201645   327  313.0    2.7  320.5    4.0  308.8    1.7   13.7    0.0    0.0    0.0    0.0    0.0   81.5  998.6 1010.1   10.6
202604201645   328  337.1    5.9  317.4    9.1  332.4    5.9   18.9    0.0    0.0    0.0    0.0    0.0   69.7 1004.7 1011.8   13.2
202604201645   329  290.0    2.8  283.1    4.0  268.0    2.8   12.2    0.0    0.0    0.5    1.5    1.5   98.6  969.2 1013.5   12.0
202604201645   330  298.5    4.5  285.1    6.0  286.1    3.9   13.2    0.0    0.0    0.5    1.0    1.0   98.8  996.3 1013.5   13.0
202604201645   331  316.3    6.5  295.4    8.7  307.9    6.3   15.5    0.0    0.0    0.0    0.0    0.0   89.0  960.6 1010.3   13.7
202604201645   332  194.0    5.6  217.0    9.2  205.7    4.5   21.6    0.0    0.0    0.0    0.0    0.0   47.7  998.2 1003.8   10.0
202604201645   333  172.7    2.7  138.3    5.2  208.2    3.5   21.7    0.0    0.0    0.0    0.0    0.0   49.3 1001.3 1003.1   10.6
202604201645   334  223.4    2.6  204.6    4.7  229.6    3.3   21.5    0.0    0.0    0.0    0.0    0.0   44.2  998.8 1001.6    8.8
202604201645   335  274.7    6.3  278.7    8.9  266.4    4.1   11.9    0.0    0.0    0.0    2.0    2.0   86.2  961.7 1009.2    9.7
202604201645   336  209.6    6.8  212.3    9.1  215.0    5.4   14.0    0.0    0.0    0.0    0.0    0.0   85.3  983.9 1008.7   11.6
202604201645   337  257.0    3.6  262.7    5.7  255.2    2.9   13.2    0.0    0.0    0.0    1.0    1.0   85.6  985.4 1009.3   10.8
202604201645   338  179.8    1.8  178.9    2.9  192.8    2.4   11.6    0.0    0.0    0.0    2.0    2.0  100.0  952.9 1009.6   11.6
202604201645   339  223.8    1.8  232.1    4.6  238.8    1.7   13.3    0.0    0.0    0.0    0.5    0.5   89.4  979.6 1009.2   11.6
202604201645   340  272.8    1.6  292.3    3.1  218.2    1.5   14.6    0.0    0.0    0.0    0.0    0.0   90.7  993.1 1009.3   13.1
202604201645   341  261.6    3.9  279.0    5.0  255.3    3.5    9.7    0.0    0.0    0.0    2.0    2.0   86.8 1009.8 1013.8    7.6
202604201645   342  331.8    2.8  344.8    3.7  329.9    2.4   11.7    0.0    0.0    0.0    0.0    0.0   82.8 1007.2 1013.1    8.9
202604201645   343  288.6    1.9  303.5    3.8  280.4    2.1   15.3    0.0    0.0    0.0    0.0    0.0   45.7  999.9 1009.9    3.7
202604201645   344  233.0    2.0  291.0    3.2  244.4    2.9   13.6    1.0    0.0    0.5    1.5    1.5   85.0  996.5 1010.3   11.1
202604201645   345  204.4    3.5  202.7    5.4  231.1    4.5   13.9    0.0    0.0    0.0    0.5    0.5   83.2  994.9 1007.8   11.1
202604201645   346  281.6    8.2  282.7   13.5  299.6    9.6   20.8    0.0    0.0    0.0    0.0    0.0   52.7  996.6 1002.7   10.8
202604201645   347  174.8    0.6  153.7    1.7  253.0    0.9   12.4    0.0    0.0    0.0    0.5    0.5   80.6  992.3 1010.4    9.2
202604201645   348  236.7    5.0  260.7   10.3  239.2    4.2   21.3    0.0    0.0    0.0    0.0    0.0   51.9 1002.3 1003.0   11.0
202604201645   349  267.3    2.7  251.0    3.6  266.0    3.0   13.6    0.0    0.0    0.0    0.0    0.0   76.4  974.9 1007.1    9.5
202604201645   350  256.3    4.0  281.3    6.5  234.2    3.2   12.6    0.0    0.0    0.0    0.5    0.5   71.5  935.0 1004.6    7.6
202604201645   351  253.0  -99.6  -99.2  -99.2  -99.9  -99.9   14.1    0.0    0.0    0.0    0.0    0.0  -99.7  -99.7  -99.9  -99.9
202604201645   352  287.0  -99.6  -99.2  -99.2  248.1    2.6   14.1  -99.2    0.0    0.0    0.0    0.0  -99.2  -99.7  -99.9  -99.9
202604201645   355  253.4    2.3  274.5    9.3  253.9    3.7   11.3    0.0    0.0    0.0    0.5    0.5   76.8  500.0  -99.9    7.4
202604201645   356  253.4    3.5  257.6   12.6  246.0    4.8   10.6  -99.2    0.0    0.0    0.0    0.0   71.1  500.2  -99.9    5.6
202604201645   358  319.9    4.1  287.5   10.5  285.8    4.6   10.9    0.0    0.0    0.0    0.5    0.5   71.2  500.0  -99.9    5.9
202604201645   359  -99.9  -99.9  -99.9  -99.9  -99.9  -99.9  -99.9  -99.9  -99.9  -99.9  -99.9  -99.2  -99.9  -99.9  -99.9  -99.9
202604201645   360   29.5    0.4  223.2    8.6  248.5    1.8   13.5    0.0    0.0    0.0    3.0    3.0   68.1  500.0  -99.9    7.7
202604201645   361  346.2    1.4  292.1    9.4  303.3    2.7   14.5    0.0    0.0    0.0    0.0    0.0   66.5  500.0  -99.9    8.3
202604201645   363  208.6    4.8  213.5    6.6  227.4    3.8   17.6    0.0    0.0    0.0    0.0    0.0   62.7  990.6 1006.8   10.4
202604201645   364  314.9    2.1  153.6    8.7  274.7    2.3   13.3    0.0    0.0    0.0    0.5    0.5   57.1  500.0  -99.9    5.0
202604201645   365  239.1  -99.2  239.1  -99.2  -99.9  -99.9   12.6  -99.2    0.0    0.0    0.0    0.0  -99.2  -99.7  -99.9  -99.9
202604201645   366  263.1    2.2  283.1    8.1  262.8    2.4   12.7    0.0    0.0    0.0    0.0    0.0   66.4  500.0  -99.9    6.6
202604201645   367  252.8    5.5  231.2   13.7  240.7    5.1   12.7    0.0    0.0    0.0    0.0    0.0   53.3  500.0  -99.9    3.4
202604201645   368  120.9    0.0  -99.2  -99.2  265.8    2.9   13.7  -99.2    0.0    0.0    0.0    0.0   63.6  -99.7  -99.9    6.9
202604201645   369   49.9    2.2  247.4    8.8  198.3    2.3   12.8    0.0    0.0    0.0    0.5    0.5   61.5  500.0  -99.9    5.6
202604201645   370  221.2    5.8  234.8    8.8  234.4    4.0   10.2    0.0  -99.9  -99.9  -99.9  -99.2   89.0  500.0  -99.9    8.5
202604201645   371  311.8    2.7  287.9    8.1  290.3    2.5   11.5    0.0    0.0    0.0    0.5    0.5   67.3  500.0  -99.9    5.7
202604201645   372  276.0    3.1  264.0    5.4  287.5    3.6   16.7  -99.2    0.0    0.0    0.0    0.0   42.6  -99.7  -99.9    3.9
202604201645   373  -99.9  -99.9  -99.9  -99.9  -99.9  -99.9  -99.9  -99.2  -99.9  -99.9  -99.9  -99.9  -99.9  -99.9  -99.9  -99.9
202604201645   374  304.0    5.6  261.9   13.1  276.4    5.7   10.2  -99.2    0.0    0.0    0.5    0.5   71.1  500.0  -99.9    5.2
202604201645   375    0.0    0.0  270.0    1.7  248.2    0.9   15.2  -99.2    0.0    0.0    1.0    1.0   56.5  -99.7  -99.9    6.6
202604201645   376  288.9    2.2  264.5    3.5  277.2    2.9   12.4    0.0    0.0    0.0    0.0    0.0   52.1 1002.6 1010.8    2.8
202604201645   377  289.9    2.4  268.5    2.8  264.5    3.3   12.7    0.0    0.0    0.0    0.0    0.0   48.4 1007.3 1010.7    2.1
202604201645   378  205.0    7.1  225.0    8.7  215.2    6.5   12.4    1.0    0.0    0.5    0.5    0.5   87.6 1003.3 1011.8   10.4
202604201645   379  283.6    2.0  208.2    2.8   23.4    3.0   12.7    0.0    0.0    0.0    0.0    0.0   90.4  976.7 1011.1   11.2
202604201645   400  341.3    2.0  268.7    4.3  239.8    2.6   14.0    0.0    0.0    0.0    0.0    0.0   62.4 1009.1 1010.6    6.9
202604201645   401  300.8    3.5   20.9    5.0  289.1    2.1   14.2    0.0    0.0    0.0    0.0    0.0   53.3 1005.4 1009.3    4.8
202604201645   402  254.6    1.3  221.3    2.7  252.6    2.1   13.5    0.0    0.0    0.0    0.5    0.5   63.0 1002.7 1009.3    6.6
202604201645   403  230.0    4.3  196.0    5.9  231.2    3.3   14.1    0.0    0.0    0.0    0.5    0.5   56.0 1003.9 1010.3    5.5
202604201645   404  -99.9  -99.9  -99.9  -99.9  -99.9  -99.9  -99.9  -99.9  -99.9  -99.9  -99.9  -99.9  -99.9  -99.9  -99.9  -99.9
202604201645   405  247.6    2.1  258.1    2.9  217.3    2.1   13.7    0.0    0.0    0.0    0.0    0.0   53.4 1007.2 1009.9    4.4
202604201645   406  226.0    1.5  257.0    2.3  275.7    1.1   14.2    0.0    0.0    0.0    1.5    1.5   67.1 1003.3 1010.0    8.2
202604201645   407  231.0    1.2  208.0    2.9  217.0    1.6   14.3    0.0    0.0    0.0    0.5    0.5   65.6 1007.3 1010.3    7.9
202604201645   408  281.0    2.7  270.0    3.7  245.4    2.8   14.1    0.0    0.0    0.0    0.5    0.5   60.3 1004.4 1010.8    6.5
202604201645   409  231.8    4.4  232.6    5.5  226.9    3.8   13.7    0.0    0.0    0.0    0.5    0.5   60.7 1004.6 1009.3    6.2
202604201645   410  252.2    3.8  270.2    7.9  266.1    3.1   12.3    0.0    0.0    0.0    0.0    0.0   52.4 1005.4 1010.4    2.8
202604201645   411  277.4    4.3  260.6    5.7  282.7    3.8   13.2    0.0    0.0    0.0    0.5    0.5   62.2  997.5 1009.5    6.1
202604201645   412  266.7    1.7  259.9    3.1  278.5    2.0   12.8    0.0    0.0    0.0    0.5    0.5   62.0  998.1 1010.4    5.7
202604201645   413  277.0    2.0   96.0    4.4  273.1    2.2   14.7    0.0    0.0    0.0    0.5    0.5   56.8 1006.6 1010.2    6.2
202604201645   414  227.1    2.4  233.3    3.9  206.5    2.9   13.1    0.0    0.0    0.0    1.0    1.0   65.3  994.1 1009.4    6.7
202604201645   415  160.8    3.8  169.9    6.1  181.8    3.7   14.3    0.0    0.0    0.0    0.0    0.0   53.3 1006.4 1010.2    4.9
202604201645   416  290.9    1.6  255.0    2.6  268.8    1.9   14.2    0.0    0.0    0.0    2.0    2.0   59.7 1002.4 1008.9    6.5
202604201645   417  -99.9  -99.9  -99.9  -99.9  -99.9  -99.9  -99.9  -99.9  -99.9  -99.9  -99.9  -99.9  -99.9  -99.9  -99.9  -99.9
202604201645   418  246.0    4.1  240.5    5.5  236.9    4.3   13.9    0.0    0.0    0.0    0.0    0.0   58.8 1009.0 1010.3    6.0
202604201645   419  235.7    2.2  255.8    3.6  211.2    1.7   13.3    0.0    0.0    0.0    0.0    0.0   63.2  978.3 1009.7    6.5
202604201645   421  240.6    5.0  229.3    6.7  260.4    3.7   13.8    0.0    0.0    0.0    0.0    0.0   58.5 1005.6 1009.7    5.8
202604201645   423  246.0    3.3  311.0    5.5  271.1    3.1   13.9    0.0    0.0    0.0    0.0    0.0   48.8 1004.2 1010.9    3.3
202604201645   424  318.3    1.3  332.9    2.7  295.7    1.2   13.1    0.0    0.0    0.0    2.0    2.0   70.3 1001.4 1009.7    7.8
202604201645   425  247.9    2.0  253.7    2.9  242.7    2.1   12.7    0.0    0.0    0.0    0.0    0.0   59.3  997.1 1010.6    5.0
202604201645   426  288.3   12.0  284.0   15.3  293.2   10.6    9.4    0.0    0.0    0.0    0.0    0.0   59.7  995.0 1012.8    2.0
202604201645   427  274.9    5.4  269.5    7.8  276.3    4.8   15.2    0.0    0.0    0.0    0.0    0.0   42.3 1009.0 1010.1    2.5
202604201645   428  231.1    2.2  230.4    4.0  217.8    1.3   13.3    0.0    0.0    0.0    0.0    0.0   72.4 1006.4 1009.2    8.4
202604201645   430  297.6    3.8  318.3    9.6  284.5    4.1   10.8    0.0    0.0    0.0    0.0    0.0   72.7  500.0  -99.9    6.1
202604201645   431  242.0    1.6  279.2    2.9  312.4    2.0   14.0  -99.2    0.0    0.0    2.0    2.0   60.7  -99.7  -99.9    6.5
202604201645   432  273.2    6.3  301.0   11.0  283.8    5.9   10.7    0.0    0.0    0.0    1.0    1.0   73.1  500.0  -99.9    6.1
202604201645   433  261.6    1.6  220.0    4.2  263.4    2.1   14.0  -99.2    0.0    0.0    0.0    0.0   45.8  -99.7  -99.9    2.5
202604201645   434  327.4    5.3  315.8   10.4  283.1    6.3   12.8  -99.2    0.0    0.0    0.5    0.5  -99.2  -99.7  -99.9  -99.9
202604201645   435  302.6    6.1  290.5    7.4  294.0    7.6   11.1  -99.2    0.0    0.0    0.0    0.0  -99.2  -99.7  -99.9  -99.9
202604201645   436  305.3    1.7  355.3    2.7  294.7    1.4   11.8    0.0    0.0    0.0    0.0    0.0   76.2  -99.7  -99.9    7.7
202604201645   437  271.2    2.4  284.8    4.4  291.2    2.5   13.7  -99.2    0.0    0.0    0.0    0.0   49.5  -99.7  -99.9    3.3
202604201645   438  265.4    3.2  251.0    5.5  272.0    4.4   13.2  -99.2    0.0    0.0    0.0    0.0   55.4  -99.7  -99.9    4.5
202604201645   439  270.4    2.2  259.4    2.8  262.7    2.4   12.3    0.0    0.0    0.0    0.5    0.5   72.5  -99.7  -99.9    7.5
202604201645   440  290.6    5.5  309.3   10.7  296.0    4.3   11.7  -99.2    0.0    0.0    0.0    0.0  -99.2  500.0  -99.9  -99.9
202604201645   441  252.6    1.5  -99.2  -99.2  249.7    2.2   14.5    0.0    0.0    0.0    0.0    0.0   54.9  500.0  -99.9    5.5
202604201645   442  355.0    0.3  251.4    6.8  243.9    2.4   13.1  -99.2    0.0    0.0    0.0    0.0   69.7  500.0  -99.9    7.7
202604201645   443   10.1    2.4   33.8    3.9  348.1    2.6    9.5  -99.2    0.0    0.0    0.5    0.5   81.5  -99.7  -99.9    6.5
202604201645   444   29.3    0.9  214.5    4.3   75.9    1.0   13.6    0.0    0.0    0.0    0.0    0.0   69.4  500.0  -99.9    8.1
202604201645   445  269.9    1.4  263.5    9.0  288.5    3.6   11.9    0.0    0.0    0.0    0.0    0.0   71.3  500.0  -99.9    6.9
202604201645   446  241.1    0.7  325.2    8.2  269.1    2.8   11.5    0.0    0.0    0.0    0.5    0.5   81.2  500.0  -99.9    8.4
202604201645   447  112.1    0.7  137.1    8.9  123.7    0.8   12.6    0.0    0.0    0.0    0.0    0.0   83.5  500.0  -99.9    9.9
202604201645   448  -99.2    4.2  -99.2    9.8  -99.9    3.5   12.6    0.0    0.0    0.0    0.0    0.0   74.3  500.0  -99.9    8.2
202604201645   449  236.9    2.9  273.5    5.9  249.1    2.9   14.4  -99.2    0.0    0.0    0.0    0.0   71.5  -99.7  -99.9    9.3
202604201645   450  319.6    3.5  304.6    4.6  307.4    4.6   14.5    0.0    0.0    0.0    1.0    1.0   58.8  -99.7  -99.9    6.5
202604201645   451  250.6    1.8  166.4    2.9  244.5    1.2   13.7  -99.2    0.0    0.0    1.0    1.0   67.5  -99.7  -99.9    7.8
202604201645   452  110.5    3.1  124.1    5.0  100.6    3.0   15.1  -99.2    0.0    0.0    1.0    1.0   56.7  -99.7  -99.9    6.6
202604201645   453  273.9    4.1  248.2    6.3  273.0    3.3   13.7    0.0    0.0    0.0    0.0    0.0  -99.2  -99.7  -99.9  -99.9
202604201645   454  185.6    3.9  -99.2  -99.2  206.8    5.1   15.0  -99.2    0.0    0.0    0.0    0.0  -99.2  -99.7  -99.9  -99.9
202604201645   455  287.8    4.6  301.7    7.6  273.9    4.2   14.4    0.0    0.0    0.0    5.0    5.0   68.1  -99.7  -99.9    8.6
202604201645   456  310.7    4.5  315.8    5.9  281.3    2.5   15.2    0.0    0.0    0.0    0.0    0.0   37.0  -99.7  -99.9    0.6
202604201645   457   91.8    1.9   79.0    3.1  103.0    2.2   14.2  -99.2    0.0    0.0    0.0    0.0   69.2  -99.7  -99.9    8.6
202604201645   458  265.4    1.0  279.2    1.3  247.8    1.0   13.8    0.0    0.0    0.0    0.5    0.5   69.0  -99.7  -99.9    8.2
202604201645   459  301.9    2.9  307.4    4.6  301.9    4.0   13.0    0.0    0.0    0.0    0.0    0.0  -99.2  -99.7  -99.9  -99.9
202604201645   460  280.8  -99.2  291.0   10.4  -99.9  -99.9   11.7    0.0    0.0    0.0    0.0    0.0   73.3  500.8  -99.9    7.1
202604201645   461  247.7    2.5  245.3    4.9  287.5    2.8   12.3    0.0    0.0    0.0    0.5    0.5   74.7  -99.7  -99.9    7.9
202604201645   462  286.2    2.7  279.2    3.9  242.5    2.6   12.5  -99.2    0.0    0.0    0.5    0.5   76.1  -99.7  -99.9    8.4
202604201645   463  142.0    1.3  174.3    9.1  109.1    2.2   13.0    0.0    0.0    0.0    0.0    0.0   77.3  500.0  -99.9    9.1
202604201645   464   55.8    2.4   88.2    8.3   66.2    2.9   12.4    0.0    0.0    0.0    0.0    0.0   84.3  500.0  -99.9    9.8
202604201645   465  207.0    0.0  198.2   10.4  183.6    0.9   13.1    0.0    0.0    0.0    0.5    0.5   80.3  500.0  -99.9    9.8
202604201645   466  230.2    4.6  256.6   10.3  246.2    2.8   15.4    0.0    0.0    0.0    0.0    0.0   74.3  500.0  -99.9   10.9
202604201645   467    5.1    2.4   39.5    3.9   14.0    3.6   10.3  -99.2    0.0    0.0    0.0    0.0  -99.2  -99.7  -99.9  -99.9
202604201645   468  238.8    2.1  214.3    4.1  238.9    1.8   11.1    0.0    0.0    0.0    0.5    0.5   88.3  -99.7  -99.9    9.2
202604201645   469   79.0    0.3  279.2    2.0  130.4    1.8   10.8  -99.2    0.0    0.0    0.0    0.0  -99.2  -99.7  -99.9  -99.9
202604201645   470  -99.9  -99.9  -99.2  -99.2  -99.9  -99.9  -99.2  -99.2  -99.9  -99.9  -99.9  -99.2  -99.9  -99.9  -99.9  -99.9
202604201645   471  202.8    5.0  222.8    7.2  189.0    4.7   11.2    0.0    0.0    0.0    0.0    0.0  -99.2  -99.7  -99.9  -99.9
202604201645   472  283.8    6.5  287.6    8.3  286.7    6.6   10.8    0.0    0.0    0.0    0.0    0.0   67.8  -99.7  -99.9    5.1
202604201645   473  346.7    3.2  338.4    4.2  357.1    3.5   14.3  -99.2    0.0    0.0    1.0    1.0   55.3  -99.7  -99.9    5.5
202604201645   474  196.4    5.5  214.3    8.0  237.2    2.9   14.9    0.0    0.0    0.0    0.0    0.0  -99.2  -99.7  -99.9  -99.9
202604201645   475  269.3    5.2  195.5    8.8  284.3    3.7   14.0  -99.2    0.0    0.0    0.0    0.0   46.5  500.0  -99.9    2.7
202604201645   476  187.5    1.4  214.3    2.4  204.7    1.8   13.7    0.0    0.0    0.0    2.0    2.0   71.2  -99.7  -99.9    8.6
202604201645   477  -99.2  -99.2  -99.2  -99.2  -99.9  -99.9  -99.2  -99.2    0.0    0.0    0.0    0.0  -99.2  -99.7  -99.9  -99.9
202604201645   478  286.5    3.2  293.3    4.4  276.1    2.9   15.3    0.0    0.0    0.0    0.0    0.0  -99.2  -99.7  -99.9  -99.9
202604201645   479  283.1    5.2  225.6    6.4  263.0    5.0   15.4  -99.2    0.0    0.0    0.0    0.0  -99.2  -99.7  -99.9  -99.9
202604201645   480  253.6    4.1  234.1    6.2  246.8    4.3   15.9  -99.2    0.0    0.0    0.0    0.0   34.3  -99.7  -99.9    0.2
202604201645   481  291.9    1.6  282.0    3.2  229.0    2.3   15.3    0.0    0.0    0.0    0.0    0.0  -99.2  -99.7  -99.9  -99.9
202604201645   482  339.4    2.4  349.7    4.0  317.7    2.3   15.4  -99.2    0.0    0.0    0.0    0.0   42.4  -99.7  -99.9    2.7
202604201645   483  254.6    4.1  248.2    6.0  279.1    2.5   15.6  -99.2    0.0    0.0    0.0    0.0  -99.2  -99.7  -99.9  -99.9
202604201645   484  256.6    2.5  248.2    3.8  253.7    3.3   12.7  -99.2    0.0    0.0    0.5    0.5   78.0  -99.7  -99.9    9.0
202604201645   485   34.9    5.1   36.7    7.1   44.5    3.5   14.0    0.0    0.0    0.0    0.5    0.5  -99.2  -99.7  -99.9  -99.9
202604201645   486  232.3    3.6  239.7    4.6  251.8    4.5   13.4    0.0    0.0    0.0    1.0    1.0  -99.2  -99.7  -99.9  -99.9
202604201645   487  352.3    2.6   33.8    3.9  335.3    2.3   14.7  -99.2    0.0    0.0    0.0    0.0  -99.2  -99.7  -99.9  -99.9
202604201645   488  210.0    2.9  199.7    8.9  246.2    3.5   11.8    0.0    0.0    0.0    0.0    0.0   63.6  500.0  -99.9    5.1
202604201645   489  299.4    3.9  324.3    6.7  286.8    3.4   11.4  -99.2    0.0    0.0    0.0    0.0   60.5  -99.7  -99.9    4.0
202604201645   491  334.3    5.2  358.5    9.3  346.5    4.0   15.5  -99.2    0.0    0.0    0.0    0.0   42.5  500.0  -99.9    2.8
202604201645   492  287.5    5.1  288.2   10.9  261.2    5.1   12.1  -99.2    0.0    0.0    0.0    0.0   52.7  500.0  -99.9    2.7
202604201645   493  275.4    4.4  277.0    5.9  252.3    3.9   12.0    0.0    0.0    0.0    0.0    0.0   65.0 1007.3 1011.5    5.6
202604201645   494  174.7    2.4  193.3    3.3  161.5    1.8   12.3    0.0    0.0    0.0    0.0    0.0   89.4  998.4 1011.1   10.6
202604201645   495  255.9    4.8  272.7    6.4  261.6    5.0   11.1    0.0    0.0    0.0    0.5    0.5   80.7 1009.7 1011.3    7.9
202604201645   496  236.0    2.7  246.9    3.3  235.3    2.8   12.5    0.0    0.0    0.0    0.0    0.0   80.3 1007.7 1011.0    9.2
202604201645   497  178.5    5.7  166.8    9.1  185.1    3.9   14.6    1.0    0.0    0.0    0.0    0.0   66.2  929.2 1004.0    8.4
202604201645   498  135.0    5.0  178.0    7.7  149.4    3.8    8.9    1.0    0.0    0.0    1.0    1.0   96.7  891.1 1006.4    8.4
202604201645   500  284.2    6.4  277.9   10.2  278.9    6.7   14.7    0.0    0.0    0.0    0.0    0.0   29.4 1004.7 1010.4   -3.0
202604201645   501  304.0    5.6  316.0    9.8  304.1    5.3   11.9    0.0    0.0    0.0    0.0    0.0   31.6 1011.7 1012.6   -4.4
202604201645   502  256.9    8.3  259.7   11.7  255.0    6.9   14.3    0.0    0.0    0.0    0.0    0.0   28.4 1009.2 1010.9   -3.8
202604201645   503    0.0    0.0   57.0    0.0  236.7    1.9   14.8    0.0    0.0    0.0    0.0    0.0   37.8 1008.3 1010.5    0.5
202604201645   504  245.7    4.7  248.9    6.7  239.0    4.2   14.2    0.0    0.0    0.0    2.0    2.0   59.8  997.0 1009.5    6.5
202604201645   505  271.2    3.7  275.5    5.6  277.8    3.6   12.9    0.0    0.0    0.0    2.5    2.5   78.2  989.9 1010.1    9.2
202604201645   506  269.4    4.9  268.8    7.1  267.8    5.4   14.5    0.0    0.0    0.0    0.0    0.0   45.2 1008.8 1010.3    2.8
202604201645   507  310.7    2.1  338.1    4.8  294.4    1.7   15.8    0.0    0.0    0.0    0.0    0.0   52.0 1000.2 1009.2    6.0
202604201645   508  285.6    8.9  285.1   11.7  286.1    9.5   10.7    0.0    0.0    0.0    0.0    0.0   56.7  993.6 1010.5    2.5
202604201645   509  215.4    1.0  248.7    1.7  223.2    2.3   12.5    0.0    0.0    0.0    0.0    0.0   56.2  992.6 1009.5    4.0
202604201645   510  242.6    2.9  292.5    6.2  195.5    2.4   13.6    0.0    0.0    0.0    0.0    0.0   54.3 1007.5 1010.5    4.5
202604201645   511  241.4    5.4  244.1    8.1  239.6    5.5   14.0    0.0    0.0    0.0    0.0    0.0   47.2 1009.9 1010.8    2.9
202604201645   512  296.1    4.0  299.4    5.5  293.7    4.1   12.0    0.0    0.0    0.0    0.0    0.0   55.7 1010.4 1011.4    3.4
202604201645   513  325.7   14.3  324.9   16.3  319.1   14.1    8.9    0.0    0.0    0.0    0.0    0.0   44.9 1009.5 1013.1   -2.4
202604201645   514  251.4    4.7  241.3    6.5  246.3    4.9   11.5    0.0    0.0    0.0    0.0    0.0   56.4 1010.7 1011.9    3.1
202604201645   515  271.9    6.5  282.0    7.2  272.1    7.4   10.2    0.0    0.0    0.0    0.5    0.5   77.0 1010.3 1011.6    6.3
202604201645   516  261.0    4.9  283.0    6.0  261.7    5.3   11.1    0.0    0.0    0.0    0.5    0.5   81.5 1008.5 1011.4    8.1
202604201645   517  242.0    6.4  243.3    8.8  243.7    5.6   20.0    0.0    0.0    0.0    0.0    0.0   44.6 1001.4 1002.1    7.6
202604201645   518  307.0    1.4   44.0    2.7  239.2    2.3   13.7    0.0    0.0    0.0    1.0    1.0   70.0  951.7 1005.8    8.3
202604201645   519  103.4    2.1   87.0    2.8  114.3    1.9   12.4    0.0    0.0    0.0    2.0    2.0   77.5  972.3 1007.3    8.6
202604201645   520  230.0    3.9  296.0    8.4  238.0    3.4   18.9    0.0    0.0    0.0    0.0    0.0   50.8  986.2 1001.8    8.5
202604201645   522  221.5    2.3  238.0    3.7  190.9    3.2   15.2    0.0    0.0    0.0    0.0    0.0   73.1  983.8 1007.0   10.4
202604201645   523  241.0    3.0  255.6    6.4  232.4    4.5   21.0    0.0    0.0    0.0    0.0    0.0   47.9 1001.5 1002.5    9.5
202604201645   524  245.2    8.0  253.2   11.0  237.0    7.3   20.2    0.0    0.0    0.0    0.0    0.0   55.9 1002.5 1003.0   11.1
202604201645   525  288.1    5.2  298.1    7.1  278.1    3.8   11.8    1.0    0.0    0.0    2.5    2.5   84.9  941.9 1007.6    9.3
202604201645   526  226.7    3.1  230.4    4.5  226.6    2.5   14.3    1.0    0.0    0.5    1.5    1.5   82.8  971.5 1006.8   11.4
202604201645   527  249.9    4.0  264.6    5.8  255.2    4.4   14.0    1.0    0.0    0.0    0.0    0.0   83.4  961.3 1006.8   11.2
202604201645   529  238.4    4.4  252.0    5.8  246.7    4.3   22.0    0.0    0.0    0.0    0.0    0.0   49.4 1000.0 1004.1   10.9
202604201645   530  282.8    4.0  274.5    5.7  280.6    2.8   16.1    0.0    0.0    0.0    0.0    0.0   85.2  -99.7  -99.9   13.6
202604201645   531  218.0    2.7  255.0    4.4  239.0    2.3   14.8    0.0    0.0    0.0    2.0    2.0   68.4  995.6 1008.6    9.0
202604201645   532  228.0    1.4  303.0    2.7  278.2    0.8   14.6    0.0    0.0    0.0    1.5    1.5   63.6  999.6 1010.2    7.8
202604201645   533  251.8    5.1  272.8    6.3  253.4    3.5   13.4    0.0    0.0    0.0    0.0    0.0   71.9  -99.7  -99.9    8.4
202604201645   534  227.0    6.5  238.0    8.8  237.0    6.4   11.6    0.0    0.0    0.0    0.0    0.0   83.6  999.9 1010.5    8.9
202604201645   535  262.0    3.5  274.0    4.4  289.6    2.1   14.6    0.0    0.0    0.0    0.5    0.5   75.3  971.0 1007.5   10.3
202604201645   536  169.9    4.1  170.4    5.3  173.0    4.4   13.9    0.0    0.0    0.0    0.5    0.5   79.9  995.1 1008.6   10.5
202604201645   537  120.0    8.3  143.0   11.3  113.8    5.8   15.3    0.0    0.0    0.0    0.0    0.0   70.4  949.1 1005.0    9.9
202604201645   538  293.0    3.3  312.0    5.2  287.7    2.3   15.1    0.0    0.0    0.0    0.0    0.0   39.5  999.9 1009.8    1.4
202604201645   539  253.3    3.1  271.3    4.1  237.6    2.0   13.6    0.0    0.0    0.0    2.0    2.0   71.8  991.7 1008.9    8.6
202604201645   540  286.3    3.2  326.1    4.2  296.8    2.9   14.1    0.0    0.0    0.0    1.5    1.5   68.2 1003.3 1008.6    8.3
202604201645   541  265.0    1.9  286.0    3.3  279.0    2.3   15.8    0.0    0.0    0.0    0.0    0.0   63.3 1007.1 1010.1    8.8
202604201645   542  194.0    2.9  223.0    4.1  196.4    3.0   13.4    0.0    0.0    0.0    0.5    0.5   77.3 1004.9 1009.9    9.5
202604201645   543  274.2    3.9  278.8    6.4  251.0    4.9   12.2    0.0    0.0    0.0    0.0    0.0   52.8 1007.6 1010.7    2.8
202604201645   544  285.6    5.4  284.4    7.0  284.6    6.4   10.6    0.0    0.0    0.0    0.0    0.0   67.9 1010.1 1011.4    4.9
202604201645   545   47.0    0.2  220.0    1.5  338.2    0.6   12.9    0.0    0.0    0.0    0.0    0.0   67.3 1010.8 1011.5    7.0
202604201645   546  192.5    3.8  207.3    7.2  177.9    3.2   12.3    0.0    0.0    0.0    0.5    0.5   74.1  994.6 1009.2    7.8
202604201645   547  185.0    1.8  226.0    2.6  186.7    2.3   12.9    0.0    0.0    0.0    0.0    0.0   82.0  996.4 1009.3    9.9
202604201645   548  243.0    2.0  211.0    3.6  236.5    2.2   11.9    0.0    0.0    0.0    0.0    0.0   83.1  996.0 1010.2    9.1
202604201645   549  230.0    3.6  277.0    7.4  233.3    3.1   12.0    0.0    0.0    0.0    0.5    0.5   77.0 1000.7 1010.6    8.1
202604201645   550  285.6    2.2  294.0    3.2  293.0    2.2   11.6    0.0    0.0    0.0    0.5    0.5   75.5 1005.4 1009.6    7.4
202604201645   551  272.2    5.0  264.2    6.6  265.9    4.3   10.7    0.0    0.0    0.0    0.5    0.5   80.8 1008.4 1011.7    7.5
202604201645   552  264.1    3.2  254.8    3.9  271.7    3.4   12.7    0.0    0.0    0.0    1.0    1.0   50.8  980.5 1007.6    2.8
202604201645   553  286.8    7.5  297.4   11.6  276.2    9.2   19.4    0.0    0.0    0.0    0.0    0.0   52.0  999.8 1000.8    9.3
202604201645   554  277.3   20.2  277.6   24.8  270.9   20.6   10.9    0.0    0.0    0.0    1.0    1.0   81.4  913.5 1001.3    7.8
202604201645   555  177.0    4.1  207.0    5.5  161.9    3.4   16.0    0.0    0.0    0.0    1.0    1.0   64.5  995.1 1007.9    9.3
202604201645   556  207.5    3.2  183.0    5.1  202.8    2.4   14.7    0.0    0.0    0.0    2.0    2.0   76.7  983.4 1005.4   10.7
202604201645   557  205.7    1.7  184.9    2.8  217.2    2.4   14.5    0.0    0.0    0.0    0.5    0.5   74.4  971.7 1005.7   10.0
202604201645   558  195.7    3.4  200.6    4.6  202.8    2.7   14.9    0.0    0.0    0.0    0.0    0.0   67.8  996.5 1007.7    9.0
202604201645   559  156.3    2.7  146.5    4.5  150.6    3.1   12.0    1.0    0.0    1.5    3.5    3.5   87.3  939.0 1005.2   10.0
202604201645   560  223.4    6.7  205.2   12.8  222.8    6.1   12.6    0.0    0.0    0.0    0.5    0.5   81.1  943.2 1005.5    9.4
202604201645   561  240.2    3.2  226.1    4.0  238.2    4.6   13.7    0.0    0.0    0.0    0.5    0.5   83.1  981.0 1007.0   10.9
202604201645   563  239.3    5.6  222.3    7.9  233.2    6.0   15.2    0.0    0.0    0.5    0.5    0.5   79.3  964.5 1006.5   11.6
202604201645   565  251.7    5.6  244.3    7.7  252.0    5.8   12.3    0.0    0.0    0.0    0.0    0.0   53.6 1010.6 1011.3    3.2
202604201645   566  293.0    1.1  333.0    2.5  299.8    3.6   21.0    0.0    0.0    0.0    0.0    0.0   49.5 1002.8 1003.6   10.0
202604201645   567  282.4    3.5  271.5    5.3  284.8    3.2   15.2    0.0    0.0    0.0    0.0    0.0   26.8 1001.2 1009.6   -3.8
202604201645   568  211.1    2.4  224.7    4.6  214.5    2.8   12.8    0.0    0.0    0.0    2.0    2.0   76.3  991.5 1008.4    8.7
202604201645   569  266.8    3.0  278.3    4.3  262.8    2.4   13.6    0.0    0.0    0.0    0.5    0.5   65.2 1006.6 1009.8    7.2
202604201645   570  272.6    3.2  276.2    5.0  281.1    3.1   14.6    0.0    0.0    0.0    0.0    0.0   39.9 1005.5 1009.5    1.1
202604201645   571  229.8    1.2   99.1    2.4  248.9    1.5   11.1    0.0    0.0    0.0    0.5    0.5   63.7 1006.4 1011.9    4.5
202604201645   572  220.2    1.1  225.1    2.6  233.5    1.3   13.4    0.0    0.0    0.0    0.5    0.5   61.5 1008.3 1011.7    6.2
202604201645   573  200.6    5.0  195.8    6.0  203.0    5.1   15.2    0.0    0.0    0.0    0.0    0.0   70.2  994.6 1008.8    9.8
202604201645   574  275.3    4.0  278.1    7.1  273.4    3.9   12.8    0.0    0.0    0.0    0.0    0.0   80.3 1005.1 1009.5    9.5
202604201645   575  269.3    5.1  270.8    6.7  273.5    4.0   10.3    0.0    0.0    0.0    0.5    0.5   83.1 1005.1 1011.3    7.6
202604201645   576  315.1    3.7  305.3    6.6  290.5    4.2   10.6    0.0    0.0    0.0    0.5    0.5   74.8  997.5 1010.9    6.3
202604201645   577  270.1    4.4  251.6    7.6  274.3    4.1   11.8    0.0    0.0    0.0    0.0    0.0   63.5 1010.9 1012.0    5.1
202604201645   578  278.5    6.0  276.5    9.0  288.1    6.7    8.9    0.0    0.0    0.0    0.0    0.0   72.7 1012.2 1013.2    4.3
202604201645   579  252.3    4.9  230.9    9.9  229.7    3.4   14.4    0.0    0.0    0.0    0.0    0.0   76.8  935.9 1005.1   10.4
202604201645   580  223.3    3.6  210.0    6.5  206.0    3.5   21.0    0.0    0.0    0.0    0.0    0.0   55.7  996.8 1003.5   11.8
202604201645   581  218.6    0.7  211.1    1.4  222.3    1.4   14.1    1.0    0.0    0.7    0.7    0.7   90.6  959.3 1008.2   12.6
202604201645   582  244.5    2.4  229.3    3.0  254.9    2.8   12.7    0.0    0.0    0.0    1.5    1.5   81.9  970.3 1008.8    9.7
202604201645   583  257.5    3.0  259.2    4.6  255.5    4.3   10.8    0.0    0.0    0.0    2.0    2.0   91.3  946.2 1008.4    9.4
202604201645   585  182.0    5.1  187.4    6.8  187.2    4.6   14.2    0.0    0.0    0.0    1.0    1.0   82.0  979.6 1007.2   11.2
202604201645   586   95.0    0.8   60.4    1.2  145.0    1.4   14.7    0.0    0.0    0.0    3.0    3.0   75.3  979.5 1005.9   10.4
202604201645   587  312.0    4.3  321.6    7.9  271.7    1.9   14.8    0.0    0.0    0.0    1.5    1.5   72.4  973.8 1006.1    9.9
202604201645   588  255.9    2.2  282.9    3.2  231.7    3.0   14.3    0.0    0.0    0.0    0.5    0.5   79.1  998.6 1008.5   10.7
202604201645   589  275.7    2.9  309.6    4.7  276.9    3.3   13.8    0.0    0.0    0.0    0.0    0.0   45.1 1003.0 1010.0    2.1
202604201645   590  231.9    2.6  242.0    5.6  234.6    2.0   14.0    0.0    0.0    0.0    0.0    0.0   55.9 1005.2 1010.8    5.3
202604201645   591  169.9    2.4  155.5    3.5  186.1    1.7   12.3    0.0    0.0    0.0    1.5    1.5   91.8  977.2 1008.8   11.0
202604201645   592  214.5    2.4  219.2    3.0  228.4    2.7   12.2    0.0    0.0    0.0    0.0    0.0   83.0 1003.9 1010.2    9.4
202604201645   593  190.1   10.3  183.8   14.5  190.4    8.6   17.4    0.0    0.0    0.0    0.0    0.0   58.9  988.6 1003.5    9.3
202604201645   594  120.9    5.0  113.2    7.6  123.3    5.5   15.2    0.0    0.0    0.0    0.5    0.5   63.9  968.0 1004.6    8.4
202604201645   595  245.3    4.1  236.3    7.0  220.3    4.7   12.7    0.0    0.0    0.0    0.6    0.6   84.4  938.1 1005.5   10.1
202604201645   596  279.7    1.8  274.7    2.8  278.8    4.5   15.8    0.0    0.0    0.0    0.5    0.5   66.9  975.6 1003.6    9.7
202604201645   597  260.0    2.8  251.0    3.8  291.8    3.2   12.6    0.0    0.0    0.5    2.0    2.0   80.9  942.6 1007.4    9.4
202604201645   598  276.3    4.3  269.6    5.6  296.6    3.9   14.3  -99.2    0.0    0.0    1.0    1.0   44.5  999.8 1010.2    2.4
202604201645   599  283.1    0.9  293.8    1.4  259.9    1.5   13.9    0.0    0.0    0.0    2.5    2.5   67.0  997.6 1010.2    7.9
202604201645   600  252.2    1.5  239.4    2.2  252.8    1.8   11.2    0.0    0.0    0.0    0.0    0.0   83.9  993.8 1009.6    8.6
202604201645   601  279.4    3.9  291.0    5.1  259.5    4.2   15.7    0.0    0.0    1.0    1.0    1.0   77.8  990.1 1007.3   11.8
202604201645   602  281.8    3.5  279.5    4.3  262.9    2.9   12.4    0.0    0.0    0.0    0.0    0.0   78.5 1001.8 1009.9    8.8
202604201645   603  301.8    4.4  301.1    5.4  300.5    3.5   13.1    0.0    0.0    0.0    1.5    1.5   85.0  996.0 1010.3   10.6
202604201645   604  218.0    1.5  265.0    2.2  222.6    2.1   13.9    0.0    0.0    0.0    0.0    0.0   86.6  996.9 1010.9   11.7
202604201645   605  206.0    6.0  227.0    7.0  209.3    4.9   14.2    1.0    0.0    0.5    0.5    0.5   86.0  993.4 1010.3   11.9
202604201645   606  277.4    7.0  267.5    9.8  274.9    6.3   10.0    0.0    0.0    0.0    0.0    0.0   56.7 1009.0 1011.8    1.8
202604201645   607  266.9    6.6  207.4    8.9  298.7    6.9    8.9    0.0    0.0    0.0    0.5    0.5   60.5 1012.1 1012.9    1.7
202604201645   609  297.0    5.1  308.3    7.5  292.2    4.0    8.7    0.0    0.0    0.0    0.0    0.0   66.7 1008.3 1013.1    2.9
202604201645   610  291.0    7.4  300.0    9.1  290.7    7.6   10.5    0.0    0.0    0.0    0.0    0.0   56.0 1011.2 1013.2    2.1
202604201645   611  277.3    3.0  278.8    4.5  293.1    2.7   13.0    0.0    0.0    0.0    0.0    0.0   73.7 1003.4 1009.5    8.4
202604201645   612  224.0    1.9  227.7    3.0  237.6    1.7   12.3    0.0    0.0    0.0    0.0    0.0   76.0 1008.6 1011.5    8.2
202604201645   614  309.6    3.2  310.8    4.9  304.9    3.5   10.3    0.0    0.0    0.0    0.0    0.0   70.5 1012.1 1013.3    5.2
202604201645   615  218.4    2.9  191.5    5.0  239.8    3.3   12.1    0.0    0.0    0.0    0.0    0.0   80.3 1010.6 1011.6    8.8
202604201645   616  261.0    1.7  232.0    3.7  245.4    2.4   10.2    0.0    0.0    0.0    0.0    0.0   55.2 1006.1 1012.4    1.6
202604201645   617  267.4    3.4  290.0    5.1  247.0    3.2   11.6    0.0    0.0    0.0    0.5    0.5   82.0  -99.7  -99.9    8.6
202604201645   618  319.8    1.0   70.5    1.7  300.8    2.2   11.5    0.0    0.0    0.0    0.0    0.0   56.1  -99.7  -99.9    3.1
202604201645   619  265.0    4.7  277.0    5.0  263.8    4.7   12.2    0.0    0.0    0.0    0.5    0.5   84.6  994.6 1010.5    9.7
202604201645   620  298.3    3.4  287.9    4.2  300.7    3.8   13.2    0.0    0.0    0.5    1.0    1.0   83.4 1002.3 1010.1   10.4
202604201645   621  283.1    4.2  282.7    6.3  285.3    3.8   14.6    0.0    0.0    0.0    1.0    1.0   84.2  991.9 1009.3   12.0
202604201645   622  242.4    2.8  232.7    3.7  222.7    3.5   13.5    1.0    0.0    0.0    1.5    1.5   83.6  983.0 1009.9   10.8
202604201645   623  258.1    3.9  267.3    5.2  255.4    3.5   13.1    0.0    0.0    0.0    0.0    0.0   77.0 1001.5 1010.4    9.2
202604201645   624  215.3    2.6  216.2    3.8  250.2    1.9   12.2    0.0    0.0    0.0    1.5    1.5   86.7  983.8 1010.4   10.0
202604201645   625  259.3    2.1  259.2    2.9  260.1    2.1   12.8    1.0    0.5    0.5    1.0    1.0   88.7  971.7 1009.9   11.0
202604201645   626  317.8    2.4  322.7    3.6  303.2    3.4   14.5    1.0    0.0    0.0    0.0    0.0   87.4  995.6 1009.9   12.4
202604201645   627  329.6    4.8  340.6    6.9  329.2    5.4   10.3    0.0    0.0    0.0    0.0    0.0   48.2 1010.6 1012.4   -0.2
202604201645   628  252.4    4.9  244.8    6.9  242.2    4.4   11.8    0.0    0.0    0.0    0.0    0.0   54.4 1007.9 1011.4    2.9
202604201645   629   39.1    2.8   41.0    3.7   21.9    2.1   12.3    0.0    0.0    0.0    0.0    0.0   77.6 1001.2 1011.3    8.5
202604201645   630  285.0    3.4  277.3    4.4  288.0    3.5   12.2    0.0    0.0    0.0    0.5    0.5   84.5  997.5 1010.5    9.7
202604201645   631  275.7    5.2  273.4    8.4  273.0    6.0   11.4    0.0    0.0    0.0    0.0    0.0   63.7 1009.9 1011.1    4.8
202604201645   632  275.9    2.0  278.6    3.6  284.7    2.7   11.5    0.0    0.0    0.0    0.0    0.0   73.5 1005.5 1012.4    6.9
202604201645   633  275.0    4.3  270.3    4.8  266.8    3.7   12.6    0.0    0.0    0.0    0.0    0.0   68.8 1003.1 1012.2    7.0
202604201645   634  294.6    4.4  278.0    6.2  279.2    4.1   11.3    0.0    0.0    0.0    0.5    0.5   61.5 1008.7 1012.3    4.2
202604201645   635  263.0    2.9  275.7    4.5  254.9    2.0   12.3    0.0    0.0    0.0    0.0    0.0   69.4 1011.8 1013.1    6.9
202604201645   636  279.7    4.4  260.1    7.3  280.3    4.1   11.6    0.0    0.0    0.5    1.0    1.0   75.0  995.8 1011.6    7.3
202604201645   637  259.5    4.1  270.2    6.4  280.3    3.9   11.0    0.0    0.0    0.0    0.0    0.0   65.4 1011.4 1012.5    4.8
202604201645   638  271.9    6.1  290.0    8.9  256.6    4.2   14.5    0.0    0.0    1.0    1.0    1.0   86.6  977.7 1006.1   12.3
202604201645   639  294.7    3.4  285.9    5.9  320.2    3.2   13.4    1.0    0.0    0.5    1.0    1.0   85.0  975.7 1008.9   10.9
202604201645   640  324.4    4.5  319.4    6.5  321.6    4.7   12.7    0.0    0.0    0.0    1.0    1.0   85.4  983.7 1010.4   10.3
202604201645   641  233.2    4.7  232.0    5.5  235.7    5.2   13.5    0.0    0.0    0.0    0.0    0.0   85.0 1001.7 1011.1   11.0
202604201645   642  249.9    4.4  239.2    6.5  249.7    3.4   11.7    0.0    0.0    0.5    0.5    0.5   93.1  994.3 1012.1   10.6
202604201645   643  208.9    2.1  199.3    2.7  214.1    3.2   13.2    1.0    0.0    0.5    0.5    0.5   88.9 1000.5 1011.4   11.4
202604201645   644  207.2    3.8  202.0    4.5  215.4    3.7   10.9    0.0    0.0    0.5    0.5    0.5   95.1 1009.3 1012.3   10.1
202604201645   645  258.1    3.5  262.3    4.9  255.4    4.5   10.4    0.0    0.0    0.0    0.0    0.0   58.8 1011.1 1013.2    2.7
202604201645   646  317.8    9.9  319.4   11.0  317.4   10.4    9.0    0.0    0.0    0.0    0.0    0.0   73.3 1012.5 1013.4    4.5
202604201645   647  217.6    3.0  222.2    3.9  265.3    2.7   14.5    0.0    0.0    0.0    0.5    0.5   84.4  -99.7  -99.9   11.9
202604201645   648  291.8    2.1  300.1    3.8  299.1    2.4   12.7    0.0    0.0    0.0    0.5    0.5   82.5  998.7 1010.6    9.8
202604201645   649  244.8    2.2  267.1    4.3  331.0    2.2   13.0    0.0    0.0    0.0    0.0    0.0   50.9 1007.7 1010.8    3.1
202604201645   650  273.7    4.1  270.0    5.1  286.6    5.4   13.3    0.0    0.0    0.0    0.0    0.0   48.2  984.4 1006.4    2.6
202604201645   651  269.0    5.5  303.0    9.2  263.6    6.3   13.0    0.0    0.0    0.0    0.0    0.0   46.4  983.5 1009.0    1.8
202604201645   652  230.4    4.0  215.4    5.5  226.9    2.3   15.6    0.0    0.0    0.0    0.0    0.0   38.2 1003.5 1008.0    1.4
202604201645   654  358.0    0.3   90.9    1.3  231.7    1.2   10.5    0.0    0.0    0.0    0.0    0.0   56.4 1011.1 1012.4    2.2
202604201645   655  240.9    9.2  244.6   14.1  240.2    8.9    8.2    0.0    0.0    0.0    0.0    0.0   64.9 1003.6 1013.7    2.0
202604201645   656  288.0   13.1  290.5   14.4  283.9   12.3   14.1    0.0    0.0    0.0    0.0    0.0   39.5 1005.0 1010.9    0.5
202604201645   657  303.9    7.5  301.4    8.7  301.1    6.9    9.6    0.0    0.0    0.0    0.0    0.0   68.2 1010.0 1013.9    4.0
202604201645   658  293.1    9.3  296.4   10.7  294.6    9.1    8.3    0.0    0.0    0.0    0.5    0.5   66.2 1011.9 1013.1    2.4
202604201645   659  249.9    5.7  252.2    8.1  251.3    5.0    5.1    0.0    0.0    0.5    0.5    0.5   99.4  915.2 1012.4    5.0
202604201645   660  225.9    4.5  233.4    5.3  201.7    3.3   12.1    0.0    0.0    0.0    2.0    2.0   87.7  946.5 1008.3   10.1
202604201645   661  303.6    7.8  323.9   10.5  291.5    5.3   20.0    0.0    0.0    0.0    0.0    0.0   46.5 1002.3 1002.9    8.2
202604201645   662  278.8    1.8  313.9    3.8  291.0    3.1   10.2    0.0    0.0    0.0    0.0    0.0   59.5 1009.6 1010.8    2.7
202604201645   663  321.7   13.5  319.1   14.4  321.4   14.0    8.4    0.0    0.0    0.0    0.0    0.0   61.6 1005.8 1013.4    1.5
202604201645   664  288.3    6.5  290.1    9.3  293.5    6.5   10.8    0.0    0.0    0.0    0.0    0.0   64.9 1010.4 1012.5    4.5
202604201645   665  196.2    4.0  220.7    6.7  204.8    4.2   10.5    0.0    0.0    0.0    0.0    0.0   63.0 1007.2 1010.6    3.8
202604201645   666   44.8    9.9   47.9   14.2   43.7   10.1    8.4    0.0    0.0    0.0    0.0    0.0   66.1 1008.2 1012.2    2.4
202604201645   667  291.3    7.8  306.8   14.3  274.6    6.3    8.0    0.0    0.0    0.0    0.0    0.0   69.2 1006.4 1013.5    2.7
202604201645   669  276.1    4.8  293.9    8.2  280.2    5.8    9.1    0.0    0.0    0.0    0.0    0.0   58.0 1010.9 1013.1    1.3
202604201645   670  293.9    3.8  319.8    6.6  275.4    4.6   19.8    0.0    0.0    0.0    0.0    0.0   54.2 1001.7 1002.5   10.3
202604201645   671  203.9    2.8  215.4    4.2  177.5    3.5   21.4    0.0    0.0    0.0    0.0    0.0   50.1 1002.2 1002.7   10.6
202604201645   672  298.6    4.0  323.1    7.2  285.0    3.0   10.5    0.0    0.0    0.0    0.5    0.5   67.8 1013.4 1014.7    4.8
202604201645   673  209.3    3.4  218.3    4.5  212.3    3.4   19.5    0.0    0.0    0.0    0.0    0.0   71.4 1006.6 1009.0   14.2
202604201645   674  257.5    3.4  252.8    7.3  246.7    7.7   12.3    1.0    0.0    0.5    0.5    0.5   84.1  913.3 1006.5    9.7
202604201645   675  196.4    2.0  167.3    2.9  200.7    2.8   14.1    0.0    0.0    0.0    1.0    1.0   76.8 1000.9 1007.1   10.1
202604201645   676  217.8    3.6  236.3    7.2  220.5    3.4   11.0    0.0    0.0    0.0    0.5    0.5   83.8  994.3 1011.5    8.4
202604201645   677  235.5    4.4  249.5    7.4  250.0    3.6   20.4    0.0    0.0    0.0    0.0    0.0   57.0  990.4 1004.2   11.6
202604201645   678  229.2   12.1  227.3   21.3  240.6    6.5   14.8    0.0    0.0    0.0    0.0    0.0   72.4  951.1 1003.4    9.9
202604201645   679  226.1    2.5  230.2    3.9  227.8    3.8   14.0    0.0    0.0    0.5    0.5    0.5   72.8  926.5 1004.4    9.2
202604201645   680  339.0    3.3  341.7    4.7  309.5    2.9   15.3    0.0    0.0    0.0    2.0    2.0   64.6  979.9 1006.8    8.7
202604201645   681  280.2    2.4  272.0    3.8  277.2    3.0   14.4    0.0    0.0    0.0    1.0    1.0   72.2  984.6 1008.2    9.5
202604201645   682  288.2    6.8  296.3    9.7  283.6    7.9    6.9    0.0    0.0    0.5    1.0    1.0   96.5  886.2 1007.0    6.4
202604201645   687  324.2    3.2  347.9    4.3  308.4    2.6   16.0    0.0    0.0    0.0    0.0    0.0   85.9 1003.8 1011.2   13.6
202604201645   688  307.0    2.5  330.0    4.0  276.9    1.6   13.6    0.0    0.0    0.0    0.0    0.0   81.7 1009.0 1012.7   10.5
202604201645   689  331.0    1.0  336.0    1.7  286.3    1.3   13.0    0.0    0.0    0.0    0.0    0.0   82.3 1004.3 1013.1   10.1
202604201645   690  284.9    1.7  295.3    2.4  322.3    1.8   13.1    0.0    0.0    0.0    0.0    0.0   81.5  999.9 1011.6   10.0
202604201645   691  288.0    1.9  322.0    3.0  333.1    2.1   12.3    0.0    0.0    0.0    0.0    0.0   66.8 1009.9 1012.8    6.3
202604201645   692  301.8    5.1  299.6    6.7  273.5    3.9   14.5    0.0    0.0    0.0    0.0    0.0   32.0 1004.8 1008.8   -2.0
202604201645   694  282.5    8.9  289.5   10.8  278.0    8.6    4.1    0.0    0.0    0.0    1.0    1.0   97.6  932.0 1012.3    3.8
202604201645   695  299.3    3.6  317.9    6.8  307.3    5.4    5.8    0.0    0.0    0.0    1.7    1.7   99.3  888.6 1008.8    5.7
202604201645   696  158.8    4.4  163.9    5.8  217.2    3.1   21.4    0.0    0.0    0.0    0.0    0.0   47.5  995.0 1004.5    9.8
202604201645   697  341.0    2.5   21.0    5.3  344.3    2.2   11.5    0.0    0.0    0.0    0.0    0.0   86.3 1013.9 1014.6    9.3
202604201645   698  349.0    4.7   21.0    7.1  344.1    4.6   10.8    0.0    0.0    0.0    0.0    0.0   73.5 1011.5 1014.6    6.3
202604201645   699  324.0    4.1  313.0    5.7  318.2    4.9   11.2    0.0    0.0    0.0    0.0    0.0   76.7 1009.5 1014.1    7.3
202604201645   700   29.4    8.7   32.3   10.9  320.7    8.4    9.3    0.0    0.0    0.0    0.0    0.0   64.4 1007.3 1014.4    2.9
202604201645   701  285.3    3.2  286.4    4.3  289.8    2.9   14.3    1.0    0.0    0.0    0.0    0.0   82.8  984.4 1009.3   11.4
202604201645   702  254.4    4.1  244.1    5.3  251.5    5.0   10.8    0.0    0.0    0.0    0.0    0.0   79.0 1011.2 1012.5    7.3
202604201645   703  228.7    4.4  229.5    5.8  224.8    3.9   10.9    0.0    0.0    0.5    0.5    0.5   90.4  970.5 1012.4    9.4
202604201645   704  292.5    1.8  177.4    3.6  314.5    4.0   10.0    0.0    0.0    0.0    0.5    0.5   76.0 1013.2 1013.4    6.0
202604201645   706  312.4    3.2  318.6    4.7  295.2    3.1   13.3    0.0    0.0    0.0    0.0    0.0   84.7 1006.1 1011.4   10.8
202604201645   707  334.0    4.9  352.0    7.7  340.1    3.7   10.9    0.0    0.0    0.0    0.0    0.0   73.0 1010.7 1014.9    6.3
202604201645   708  272.6    2.4  275.0    4.5  283.6    2.1   11.6    0.0    0.0    0.0    0.0    0.0   81.1 1008.5 1012.1    8.5
202604201645   709  305.7    5.1  320.8    6.7  304.8    5.7   16.9    0.0    0.0    0.0    0.0    0.0   84.5 1008.1 1011.3   14.3
202604201645   710  328.7    3.1  320.8    4.5  329.1    4.6   11.8    0.0    0.0    0.0    0.0    0.0   76.5 1013.2 1014.1    7.8
202604201645   711  334.7    3.1  332.8    4.0  344.2    2.8   13.7    0.0    0.0    0.0    0.0    0.0   83.0  -99.7  -99.9   10.9
202604201645   712  311.3    3.7  303.8    5.5  312.5    4.0   19.4    0.0    0.0    0.0    0.0    0.0   74.5 1010.3 1010.6   14.8
202604201645   713  289.5    2.2  310.6    3.0  277.2    2.8   20.0    0.0    0.0    0.0    0.0    0.0   71.7 1008.1 1009.8   14.7
202604201645   714  332.2    4.3  329.0    5.5  321.4    3.5   11.4    0.0    0.0    0.0    0.0    0.0  -99.7 1014.2 1014.4  -99.9
202604201645   716  317.1    7.5  323.8    8.4  317.6    7.7   11.5    0.0    0.0    0.0    0.0    0.0   82.5 1014.0 1014.3    8.6
202604201645   717  252.6    4.2  248.2    6.2  273.5    4.8   12.2    0.0    0.0    0.0    0.0    0.0   77.5 1011.3 1012.7    8.4
202604201645   718  281.0    7.1  305.0    9.9  277.8    7.5   11.7    0.0    0.0    0.0    0.0    0.0   85.2 1013.3 1014.1    9.3
202604201645   719  311.3    5.0  309.3    7.2  304.8    4.3    9.8    0.0    0.0    0.0    0.5    0.5   73.8 1011.9 1013.3    5.3
202604201645   720  288.3    1.9  315.9    4.6  270.9    1.6   13.6    0.0    0.0    0.0    0.0    0.0   99.8 1011.5 1013.3   13.6
202604201645   721  289.5    7.9  289.8    8.3  293.6    7.4   15.8    0.0    0.0    0.0    0.0    0.0   86.1 1011.3 1011.8   13.5
202604201645   722  237.8    2.7  234.0    3.9  266.8    2.5   12.2    0.0    0.0    0.0    0.0    0.0   83.0 1000.2 1013.5    9.4
202604201645   723  288.3    6.0  287.2    7.0  283.4    5.7   17.4    0.0  -99.9  -99.9  -99.9  -99.2   81.6 1010.1 1010.9   14.2
202604201645   724  143.2    3.1  129.0    4.6  168.0    2.7   13.1    0.0    0.0    0.0    0.0    0.0   86.9 1011.1 1012.1   11.0
202604201645   725  296.9   12.1  296.1   13.0  294.1   11.4   14.9    0.0    0.0    0.0    1.5    1.5   95.8 1010.7 1011.8   14.2
202604201645   726  325.7   12.1  322.5   14.0  319.4   12.4   14.2    0.0    0.0    0.0    0.0    0.0   95.9 1010.6 1012.0   13.6
202604201645   727  300.4    1.5  338.2    2.8  320.2    2.1   11.3    0.0    0.0    1.0    2.5    2.5  100.0  964.5 1014.6   11.3
202604201645   730  305.0    2.9  338.0    4.4  307.2    2.7   11.5    0.0    0.0    0.0    0.0    0.0   82.3 1008.3 1013.6    8.6
202604201645   731  279.0    2.5  264.0    4.2  300.4    2.2   12.5    0.0    0.0    0.0    0.0    0.0   81.7 1013.5 1014.1    9.5
202604201645   732  314.7    2.1  222.0    3.7  309.0    2.4   15.0    0.0    0.0    0.0    0.0    0.0   81.9  994.1 1011.3   11.9
202604201645   733  261.1    1.1  287.6    1.9  262.2    1.5   10.2    0.0    0.0    0.0    0.5    0.5   81.7  -99.7  -99.9    7.2
202604201645   734  314.8    5.1  306.7    6.4  314.4    4.4    9.9    0.0    0.0    0.0    0.9    0.9   92.2 1005.7 1013.5    8.7
202604201645   735   40.0    1.9   15.2    3.2   15.0    1.6   11.1    1.0    0.0    0.5    1.0    1.0   93.0  934.6 1010.9   10.0
202604201645   736  327.2    4.3  319.9    5.8  309.4    4.9   10.5    0.0    0.0    0.0    0.5    0.5   74.7 1013.3 1013.6    6.2
202604201645   737  295.2    5.0  291.0    6.3  285.8    4.2    9.9    0.0    0.0    0.0    0.0    0.0   80.6 1007.3 1013.9    6.7
202604201645   738  304.5    4.0  291.6    4.6  295.3    3.8   10.8    0.0    0.0    0.0    0.0    0.0   64.6 1012.0 1013.9    4.4
202604201645   739   75.0    3.8   78.8    4.9   69.9    3.7   11.2    0.0    0.0    0.0    0.5    0.5   70.3 1013.2 1014.7    6.0
202604201645   741  220.9    1.7  205.5    2.1  187.8    3.5   13.7    0.0    0.0    0.0    0.0    0.0   80.2 1002.0 1013.3   10.4
202604201645   742  317.4    5.8  316.2   10.1  318.3    5.8   11.5    0.0    0.0    0.0    0.0    0.0   77.6 1011.7 1013.2    7.7
202604201645   743  320.1    6.8  323.4    9.8  321.3    6.3   11.2    0.0    0.0    0.0    0.0    0.0   88.8 1013.5 1014.5    9.4
202604201645   744  285.0    2.6   12.0    4.1  274.0    3.5   12.3    0.0    0.0    0.0    0.0    0.0   76.6 1013.6 1014.3    8.3
202604201645   745  317.6    5.4  317.2    6.2  325.3    3.9   13.1    0.0    0.0    0.0    0.0    0.0   82.0 1007.1 1013.0   10.1
202604201645   746  135.1    6.6  237.8    8.6  103.1    5.9   12.8    0.0    0.0    0.0    0.0    0.0   82.4 1012.9 1014.0    9.9
202604201645   747   34.0    1.9   42.5    2.4   43.1    1.3   15.3    0.0    0.0    0.0    0.0    0.0   90.1 1008.3 1011.2   13.7
202604201645   748  311.3    6.8  315.2    9.4  309.2    4.8   17.9    0.0    0.0    0.0    0.0    0.0   78.0 1011.2 1011.4   14.0
202604201645   749  239.6    0.5  297.1    0.7  224.1    1.3   16.3    0.0    0.0    0.0    0.0    0.0   80.6 1007.1 1010.1   13.0
202604201645   750  249.8    2.1  278.4    3.5  268.4    2.2   19.5    0.0    0.0    0.0    0.0    0.0   71.5 1008.0 1010.7   14.2
202604201645   751  304.7    1.2  304.4    1.7  299.7    1.8   12.9    0.0    0.0    0.5    0.5    0.5   95.7  -99.7  -99.9   12.2
202604201645   752  357.0    2.6   10.0    5.3  344.2    3.4   12.4    0.0    0.0    0.0    0.5    0.5   94.8  -99.7  -99.9   11.6
202604201645   753  224.8    1.3  249.9    2.0  228.8    1.3   10.7    0.0    0.0    1.0    7.5    7.5   98.8  -99.7  -99.9   10.5
202604201645   754  312.7    3.7  343.8    4.4  316.5    4.1   11.4    0.0    0.0    0.0    0.5    0.5   80.8 1012.8 1014.1    8.2
202604201645   755  333.0    3.9  358.0    6.9  334.6    4.0   13.0    0.0    0.0    0.0    0.5    0.5   90.0  990.4 1012.6   11.4
202604201645   756   13.2    3.4  349.8    6.4   28.1    4.1   10.1    0.0    0.0    0.0    0.0    0.0   76.2 1013.2 1013.7    6.1
202604201645   757   47.9    2.5  281.0    3.6   20.8    1.8   12.1    0.0    0.0    0.5    1.0    1.0   84.2  979.5 1011.4    9.5
202604201645   758  241.6    3.4  249.0    4.1  233.1    2.7   12.4    0.0    0.0    0.0    0.0    0.0   86.6  973.0 1010.7   10.2
202604201645   759  300.3    1.1  234.1    1.9  279.3    1.5   12.8    1.0    1.0    1.0    1.5    1.5   92.2  954.1 1009.7   11.6
202604201645   760   42.4    3.3   17.2    4.4   39.6    3.6    9.4    0.0    0.0    0.0    0.5    0.5   92.8  978.7 1012.4    8.3
202604201645   761  304.4    3.1  295.0    3.8  303.5    2.6   10.5    0.0    0.0    0.0    0.5    0.5   86.8 1012.1 1013.9    8.4
202604201645   762   32.0    1.3  124.0    2.2  299.4    3.8   11.0    0.0    0.0    0.0    0.0    0.0   86.5  994.3 1011.9    8.8
202604201645   763  213.6    1.7  213.8    4.1  262.7    0.7   10.9    0.0    0.0    0.0    0.5    0.5   86.9 1008.7 1013.3    8.8
202604201645   764   35.4    3.7   13.8    4.6   25.9    4.1    8.9    0.0    0.0    0.5    1.0    1.0   96.9  987.9 1013.4    8.4
202604201645   765  279.4    3.3  275.7    4.2  273.5    2.9   14.3    0.0    0.0    0.0    0.0    0.0   88.9  999.9 1013.0   12.5
202604201645   766  292.4   10.0  291.1   11.5  297.5    9.0   19.0    0.0    0.0    0.0    0.0    0.0   62.9 1000.9 1010.1   11.8
202604201645   767  320.8    5.6  315.2    7.8  332.3    5.1   18.9    0.0    0.0    0.0    0.0    0.0   83.9 1011.0 1011.4   16.1
202604201645   768  282.8    1.6  314.8    2.8  296.8    3.4   13.7    0.0    0.0    1.0    5.5    5.5   94.1 1000.3 1012.3   12.8
202604201645   769    2.2    5.5    8.5    6.7  353.4    5.4   10.5    0.0    0.0    0.0    0.0    0.0   76.2 1014.2 1014.9    6.5
202604201645   770  214.8    1.5  218.7    2.1  282.5    1.7   12.3    0.0    0.0    0.0    0.0    0.0   83.7 1001.2 1013.1    9.6
202604201645   771   18.5    7.9   10.8    9.3   22.6    7.1   12.0    0.0    0.0    0.0    0.0    0.0   81.4 1014.1 1014.5    8.9
202604201645   772  354.7    7.2  349.0    7.9  356.1    7.3   12.5    0.0    0.0    0.0    0.0    0.0   81.3 1014.6 1014.8    9.4
202604201645   773  302.7    3.4  333.5    4.2  306.0    3.6   12.4    0.0    0.0    0.0    0.0    0.0   84.8 1005.5 1014.2    9.9
202604201645   774  178.5    1.7  188.3    2.6  160.5    2.0   11.7    0.0    0.0    0.0    0.0    0.0   75.0 1012.5 1013.9    7.4
202604201645   775  332.5    5.7  349.1    7.1  330.4    5.4   10.7    0.0    0.0    0.0    0.0    0.0   82.2 1009.0 1013.8    7.8
202604201645   776  301.9    9.1  304.0   10.9  292.7    7.3   12.4    0.0    0.0    0.0    0.0    0.0   81.0 1010.4 1012.4    9.2
202604201645   777    1.2    3.0  352.5    4.2  359.5    3.3   15.7    0.0    0.0    0.0    0.0    0.0   85.1 1007.6 1012.0   13.2
202604201645   778  193.5    4.3  210.8    6.4  185.7    2.7   12.5    0.0    0.0    0.0    0.0    0.0   85.9 1001.5 1013.0   10.2
202604201645   779  218.7    4.3  345.5    5.2   30.7    3.2   13.3    0.0    0.0    0.0    0.0    0.0   93.1 1008.7 1013.4   12.2
202604201645   780  121.0    2.4  118.9    3.4  130.3    3.1   19.8    0.0    0.0    0.0    0.0    0.0   77.3 1007.5 1010.5   15.7
202604201645   781  293.4    6.5  299.8    8.2  290.3    6.6   16.5    0.0    0.0    0.0    0.5    1.5   93.6  -99.7  -99.9   15.5
202604201645   782  336.9    1.4  336.3    3.4  331.0    2.2   13.0    0.0    0.0    0.0    1.0    1.0   89.3  -99.7  -99.9   11.3
202604201645   783  306.8    1.9  274.8    2.9  293.5    1.7   12.5    0.0    0.0    0.0    0.0    0.0   79.4 1008.4 1012.1    9.0
202604201645   784  330.5    4.9  320.5    6.5  329.5    4.6   12.1    0.0    0.0    0.0    0.0    0.0   86.8 1011.4 1014.1   10.0
202604201645   785  339.1    7.2  334.1   10.0  343.0    5.9   13.9    0.0    0.0    0.0    0.0    0.0   74.4 1010.7 1012.3    9.4
202604201645   786  253.3    5.5  247.5    6.6  256.5    5.0   19.2    0.0    0.0    0.0    0.0    0.0   71.7 1007.9 1009.9   14.0
202604201645   787  294.4    7.6  288.5   10.5  299.6    6.8   19.1    0.0    0.0    0.0    0.0    0.0   70.6 1009.6 1011.0   13.6
202604201645   788  320.5    3.1  331.3    4.5  307.1    3.6   12.7    0.0    0.0    0.0    0.0    0.0   74.5 1003.0 1010.8    8.3
202604201645   789   80.4    5.2   17.2    7.4   11.3    5.5   11.6    0.0    0.0    0.0    0.0    0.0   80.5 1013.2 1014.3    8.4
202604201645   790  222.6    3.2  228.0    4.0  215.1    3.5   19.0    0.0    0.0    0.0    0.0    0.0   80.1  993.4 1009.1   15.5
202604201645   791  109.7    1.6  106.8    2.0  114.5    1.8   15.3    0.0    0.0    0.0    0.0    0.0   81.2  961.3 1008.7   12.1
202604201645   792  300.3    3.8  307.6    5.5  307.1    4.5   18.2    0.0    0.0    0.0    1.5    1.5   76.9 1000.7 1011.1   14.1
202604201645   793  301.1    4.5  305.0    7.1  299.4    6.2   13.9    0.0    0.0    0.0    0.0    0.0   89.8 1012.0 1012.3   12.3
202604201645   794  260.6    4.8  261.5    5.9  282.2    3.8   16.8    0.0    0.0    0.0    0.0    0.0   78.5 1001.6 1010.5   13.0
202604201645   795  321.6    2.5  335.9    3.2  311.4    3.0   13.7    0.0    0.0    0.5    0.5    0.5   91.1 1001.6 1011.9   12.3
202604201645   796  245.3    4.9  247.9    6.5  241.9    4.7   16.6    0.0    0.0    0.0    0.0    0.0   84.6 1007.3 1011.7   14.0
202604201645   797    4.9    5.1   32.3    6.2   16.5    6.5   10.7    0.0    0.0    0.0    0.5    0.5   86.3 1010.9 1015.2    8.5
202604201645   798  294.6   14.8  300.3   16.5  294.1   15.0   10.4    0.0    0.0    0.0    0.0    0.0   81.0 1009.8 1012.6    7.3
202604201645   799  175.5    1.2  172.4    2.3  233.6    0.9   11.1    0.0    0.0    0.0    0.0    0.0   76.8 1011.5 1013.9    7.2
202604201645   800  244.6    7.3  242.0    9.4  228.8    5.5   22.1    0.0    0.0    0.0    0.0    0.0   50.7 1005.0 1005.7   11.4
202604201645   801   90.3    3.1   84.9    4.0  187.6    4.6   19.3    0.0    0.0    0.0    0.0    0.0   60.4  981.3 1006.2   11.4
202604201645   802   40.9    2.4   55.9    3.0  279.8    2.6   20.8    0.0    0.0    0.0    0.0    0.0   52.8  989.2 1005.5   10.8
202604201645   803  236.1    1.5   53.4    3.9  290.7    3.1   18.3    0.0    0.0    0.0    0.0    0.0   63.2  986.1 1007.5   11.2
202604201645   804  242.9    4.6  246.8    5.9  249.4    3.2   20.9    0.0    0.0    0.0    0.0    0.0   53.4 1001.7 1006.0   11.1
202604201645   805    3.4    1.6  359.7    2.7   56.2    0.8   19.6    0.0    0.0    0.0    0.0    0.0   57.8  980.8 1006.9   11.1
202604201645   806  268.5    5.0  274.1    6.4  253.4    3.6   18.0    0.0    0.0    0.0    0.0    0.0   68.7 1004.9 1009.7   12.2
202604201645   807  251.3    2.8  224.4    4.1  245.0    3.9   19.0    0.0    0.0    0.0    0.0    0.0   64.5  994.8 1008.1   12.2
202604201645   808  262.1    3.5  252.7    4.5  260.9    4.2   19.7    0.0    0.0    0.0    0.0    0.0   68.9 1005.0 1006.3   13.8
202604201645   809   71.6    2.9   83.6    3.7   44.9    2.7   16.0    1.0    0.0    0.0    0.0    0.0   81.7  984.7 1008.7   12.9
202604201645   810  303.4    3.8  316.1    4.7  280.4    2.9   20.5    0.0    0.0    0.0    0.0    0.0   63.0 1004.3 1008.9   13.2
202604201645   811  313.3    2.4  305.4    2.8  305.7    1.8   20.1    0.0    0.0    0.0    0.0    0.0   67.0 1003.2 1007.0   13.8
202604201645   812  215.8    0.7  268.8    2.0  266.7    1.7   21.4    0.0    0.0    0.0    0.0    0.0   59.9 1003.2 1008.0   13.3
202604201645   813  302.3    3.3  280.6    5.3  304.5    3.9   20.5    0.0    0.0    0.0    0.0    0.0   62.3  998.4 1007.4   13.1
202604201645   814  257.0    2.6  269.0    3.0  250.6    3.1   16.5    1.0    0.0    0.0    0.0    0.0   73.3  972.6 1007.6   11.7
202604201645   815  250.0    6.1  266.0    7.9  280.6    3.0   18.3    0.0    0.0    0.0    0.0    0.0   65.7  996.6 1008.5   11.8
202604201645   816  291.0    2.4  291.0    3.8  281.6    2.5   19.8    0.0    0.0    0.0    0.0    0.0   62.1 1000.4 1005.3   12.3
202604201645   817  229.0    2.6  312.0    4.6  240.4    3.5   18.3    0.0    0.0    0.0    0.0    0.0   62.0  961.7 1005.2   10.9
202604201645   818  192.6    3.0  189.7    4.3  207.7    1.6   15.2    0.0    0.0    0.0    0.0    0.0   84.1  982.4 1007.8   12.5
202604201645   819  191.3    2.4  181.5    3.3  190.9    2.9   18.5    0.0    0.0    0.0    0.0    0.0   63.7  983.4 1006.9   11.5
202604201645   820  285.4    6.9  264.6    9.6  294.7    6.4   18.2    0.0    0.0    0.0    0.0    0.0   70.7 1000.1 1009.0   12.8
202604201645   821  255.6    1.3  247.7    2.8  245.7    2.8   16.0    1.0    0.0    0.0    0.0    0.0   79.7  997.8 1008.5   12.5
202604201645   822  292.3    3.3  287.1    4.5  301.4    3.9   17.9    0.0    0.0    0.0    0.0    0.0   74.4  999.9 1009.2   13.3
202604201645   823  283.5    3.1  251.0    3.9  256.4    3.1   19.0    0.0    0.0    0.0    0.0    0.0   67.6  997.5 1007.0   12.9
202604201645   824  311.0    4.8  319.7    5.8  283.2    3.9   19.5    0.0    0.0    0.0    0.0    0.0   63.6  994.1 1007.4   12.4
202604201645   825  337.5    2.1  304.0    4.2  315.6    2.4   20.5    0.0    0.0    0.0    0.0    0.0   61.3 1005.3 1008.8   12.8
202604201645   826  358.2    3.7  349.0    5.1  355.6    4.8   19.5    0.0    0.0    0.0    0.0    0.0   65.4  993.1 1008.3   12.8
202604201645   827  326.3    2.3  323.7    3.2  305.3    1.4   21.6    0.0    0.0    0.0    0.0    0.0   54.8 1000.2 1007.3   12.1
202604201645   828  283.1    3.0  278.6    6.1  299.7    3.2   21.1    0.0    0.0    0.0    0.0    0.0   54.3 1005.2 1008.1   11.5
202604201645   829  304.1    3.9  302.4    5.0  303.5    4.2   19.6    0.0    0.0    0.0    0.0    0.0   63.5  998.8 1007.3   12.5
202604201645   830  264.6    3.8  260.5    5.0  265.2    4.1   20.6    0.0    0.0    0.0    0.0    0.0   58.3 1002.2 1007.4   12.1
202604201645   831  188.2    1.2  196.9    3.5  186.2    2.3   15.6    0.0    0.0    0.0    0.0    0.0   65.1  -99.7  -99.9    9.1
202604201645   832  279.4    6.5  265.8    8.7  280.5    7.2   17.7    0.0    0.0    0.0    0.0    0.0   75.5  999.2 1007.0   13.3
202604201645   833  237.5    4.3  248.3    5.2  242.6    4.2   16.5    0.0    0.0    0.0    0.0    0.0   74.2  987.5 1007.9   11.9
202604201645   834  288.2    6.1  281.8    8.7  277.7    5.8   13.0    1.0    0.0    0.5    0.5    0.5   89.1  975.0 1008.4   11.2
202604201645   835  251.9    2.9  262.6    3.8  279.9    3.7   17.7    0.0    0.0    0.0    0.0    0.0   69.6  985.6 1007.1   12.1
202604201645   836  321.2    1.6  333.4    2.4  246.1    2.0   17.1    0.0    0.0    0.0    0.0    0.0   74.5  970.0 1006.4   12.5
202604201645   837  275.1    3.0  298.2    4.7  290.9    2.0   18.2    0.0    0.0    0.0    0.0    0.0   67.3  986.1 1007.8   12.0
202604201645   838  284.0    3.6  276.5    4.5  279.6    4.2   13.4    0.0    0.0    0.5    0.5    0.5   86.5  955.9 1008.3   11.2
202604201645   839  278.7    4.8  287.9    6.6  272.3    4.3   20.0    0.0    0.0    0.0    0.0    0.0   62.2  991.8 1006.7   12.6
202604201645   840  307.0    2.2  285.6    2.8  228.3    1.9   20.4    0.0    0.0    0.0    0.0    0.0   65.3  998.2 1006.4   13.7
202604201645   841  325.2    2.9   90.2    4.7   13.9    2.5   19.6    0.0    0.0    0.0    0.0    0.0   64.3  990.2 1006.2   12.7
202604201645   842  223.6    2.0  239.9    2.7  225.1    1.8   19.4    0.0    0.0    0.0    0.0    0.0   65.4  987.6 1007.3   12.8
202604201645   843  284.1    4.2  283.9    5.7  284.7    3.6   20.2    0.0    0.0    0.0    0.0    0.0   52.6  979.7 1004.9   10.2
202604201645   844  272.7    3.0  302.5    4.3  263.0    2.2   21.4    0.0    0.0    0.0    0.0    0.0   51.5 1003.3 1005.9   11.0
202604201645   845  320.2    2.1  253.0    4.1  292.7    2.6   20.9    0.0    0.0    0.0    0.0    0.0   54.6 1004.3 1007.8   11.4
202604201645   846  305.1    2.8  299.9    3.8  287.0    1.6   20.5    0.0    0.0    0.0    0.0    0.0   55.8  999.2 1008.0   11.4
202604201645   847  309.3    3.2  335.0    5.3  300.3    3.0   19.0    0.0    0.0    0.0    0.0    0.0   63.1 1000.6 1008.8   11.8
202604201645   848  251.5    1.9  246.7    2.1  210.5    0.8   20.9    0.0    0.0    0.0    0.0    0.0   59.2  995.3 1007.3   12.6
202604201645   849  214.4    4.2  199.2    5.9  216.5    4.3   17.7    0.0    0.0    0.0    0.0    0.0   74.0  999.1 1009.1   13.0
202604201645   850  305.9    3.3  281.7    4.9  299.2    2.9   20.3    0.0    0.0    0.5    1.0    1.0   71.1 1006.6 1007.4   14.9
202604201645   851   77.4    2.6  334.6    3.4   94.1    3.5   21.5    0.0    0.0    0.0    0.0    0.0   50.3  996.1 1005.3   10.7
202604201645   852  243.4    3.4  257.8    5.3  249.9    4.2   21.8    0.0    0.0    0.0    0.0    0.0   48.5  999.7 1004.4   10.5
202604201645   853  272.3    2.2  255.0    2.9  271.6    2.7   16.1    0.0    0.0    0.0    0.0    0.0   67.7  943.5 1008.2   10.1
202604201645   854  230.0    5.1  275.0    8.4  231.1    3.9   19.6    0.0    0.0    0.0    0.0    0.0   70.1  988.1 1007.4   14.0
202604201645   855  339.9   12.7  339.7   14.4  335.9   12.4   14.3    0.0    0.0    0.0    0.0    0.0   94.3 1013.1 1013.6   13.4
202604201645   856   97.0    1.0  164.0    1.8   48.4    1.4   14.3    0.0    0.0    0.0    1.0    1.0   88.5  951.4 1010.8   12.4
202604201645   857  261.9    5.0  246.3    6.4  274.2    4.5   16.1    0.0    0.0    0.0    0.0    0.0   77.7 1010.2 1011.2   12.2
202604201645   858    2.0    4.0   28.0    7.0  359.2    3.8   12.1    0.0    0.0    0.0    0.0    0.0   78.3 1009.6 1013.8    8.4
202604201645   859  219.8    2.9    5.8    5.0  280.5    2.0   16.1    0.0    0.0    0.0    0.0    0.0   76.5  953.2 1007.6   12.0
202604201645   860  281.6    2.5  290.1    3.3  281.7    1.8   20.9    0.0    0.0    0.0    0.0    0.0   55.9 1000.8 1007.6   11.8
202604201645   861  261.6    5.8  268.7    7.1  259.8    6.2   14.0    0.0    0.0    0.0    0.0    0.0   94.0 1010.3 1012.8   13.0
202604201645   862  305.7    6.7  297.6    8.7  307.5    7.3   13.8    0.0    0.0    0.0    0.5    0.5   93.1  988.3 1011.5   12.7
202604201645   863  250.0    1.6  272.0    2.3  282.7    2.7   13.2    0.0    0.0    0.5    1.5    1.5   94.3 1007.2 1013.5   12.3
202604201645   864  245.0    3.2  267.2    4.4  246.5    3.1   10.8    0.0    0.0    0.0    2.0    2.0   85.8 1005.9 1012.5    8.5
202604201645   865  266.6    4.1  267.8    4.7  288.1    3.5   12.5    0.0    0.5    1.0    2.0    2.0   97.6  986.3 1014.1   12.1
202604201645   867  304.3    1.8  255.0    4.8  285.3    3.2    8.2    0.0    0.0    0.0    3.5    3.5  100.0  847.0 1013.2    8.2
202604201645   868  306.5    2.1  318.7    4.3  302.7    2.1    8.9    0.0    0.0    0.5    5.5    5.5   99.9  857.9 1013.1    8.9
202604201645   869  286.5    1.8  294.0    2.6  300.6    2.5    9.6    0.0    0.0    0.0    1.5    1.5  100.0  873.4 1014.5    9.6
202604201645   870  311.6    3.3  325.8    4.3  306.9    3.4    8.4    0.0    0.0    0.0    0.5    0.5  100.0  847.4 1011.7    8.4
202604201645   871    8.8    4.1  349.9    4.7    6.5    3.4    7.5    0.0    0.0    0.0    2.0    2.0  100.0  829.6 1013.1    7.5
202604201645   872  177.6    3.0  177.0    4.1  106.9    1.6   14.0    0.0    0.0    0.0    0.0    0.0   70.2  911.4 1009.3    8.7
202604201645   874  239.3    5.3  229.0    6.5  287.5    3.6   14.1    0.0    0.0    0.0    0.0    0.0   45.5  989.7 1009.0    2.5
202604201645   875  -99.9  -99.9  -99.9  -99.9  -99.9  -99.9  -99.9  -99.9  -99.9  -99.9  -99.9  -99.9  -99.9  -99.9  -99.9  -99.9
202604201645   876  238.0    6.1  285.0   12.1  235.4    4.3   21.2    0.0    0.0    0.0    0.0    0.0   48.1  998.1 1004.7    9.8
202604201645   877  225.3    3.0  235.2    4.2  223.9    4.2   12.9    0.0    0.0    0.0    0.5    0.5   84.1 1002.5 1009.6   10.3
202604201645   878  244.1    2.0  244.5    2.8  247.0    3.5   13.9    0.0    0.0    0.0    0.0    0.0   72.6  912.5 1004.4    9.1
202604201645   881  309.0    4.0  323.0    5.2  305.4    3.8   10.2    0.0    0.0    0.0    0.5    0.5   69.9 1013.1 1014.4    5.0
202604201645   882   70.1    7.8  126.7   10.2   68.7    8.5    9.2    0.0    0.0    0.0    0.0    0.0   81.9  997.8 1012.4    6.3
202604201645   883   25.1    6.6   22.9    8.4   30.6    5.8   11.1    0.0    0.0    0.5    2.0    2.0   99.8  962.2 1013.4   11.1
202604201645   885  141.8    2.2  137.2    3.6  159.6    2.8   18.7    0.0    0.0    0.0    2.5    2.5   73.3  983.1 1011.3   13.8
202604201645   886  297.0    5.5  308.0    7.6  292.6    4.6   10.5    0.0    0.0    0.0    0.5    0.5   69.0 1013.3 1014.0    5.1
202604201645   888    3.9    1.9   18.6    2.8  344.0    1.7   13.1    0.0    0.0    0.0    1.0    1.0   86.7  999.3 1010.9   10.9
202604201645   889  245.6    4.2  254.4    6.0  253.9    4.3   13.4    0.0    0.0    0.0    0.0    0.0   60.2 1008.2 1010.1    5.8
202604201645   890  265.1    4.3  252.5    6.7  273.0    4.5   16.9    0.0    0.0    0.0    1.0    1.0   88.3  979.0 1010.9   15.0
202604201645   892  321.0    7.2  326.3    8.3  321.5    7.0   16.2    0.0    0.0    0.0    0.0    0.0   90.0  999.4 1011.5   14.6
202604201645   893   99.4    2.2   62.9    3.4  169.9    1.6   13.5    0.0    0.0    0.0    0.0    0.0   87.3 1013.7 1014.3   11.4
202604201645   898  198.3    0.7  160.1    1.1  210.7    1.9   20.8    1.0    0.0    0.0    0.0    0.0   70.2 1007.8 1008.0   15.2
202604201645   899  286.0    3.2  265.5    4.1  302.9    3.5   20.2    0.0    0.0    0.0    0.0    0.0   61.6 1004.6 1008.5   12.6
202604201645   900  339.1    0.2  151.7    0.7  273.5    0.5   18.0    0.0    0.0    0.5    0.5    0.5   84.0  993.2 1006.9   15.3
202604201645   901  197.1    3.7  200.6    8.3  205.5    4.5   16.0    0.0    0.0    0.0    0.0    0.0   90.6  998.7 1006.7   14.5
202604201645   902  208.6    3.0  227.6    4.6  209.2    2.2   20.5    0.0    0.0    0.0    0.0    0.0   53.7  991.7 1007.5   10.8
202604201645   903  275.5    0.4  292.3    1.6  249.0    0.5   20.6    0.0    0.0    0.0    0.0    0.0   67.6 1005.9 1007.6   14.4
202604201645   904  215.3    3.8  222.8    4.6  204.5    3.7   19.8    0.0    0.0    0.0    0.0    0.0   72.2 1007.2 1007.3   14.7
202604201645   905  189.3    1.9  205.8    2.4  190.9    1.3   19.5    0.0    0.0    0.5    0.5    0.5   79.1  998.3 1008.0   15.8
202604201645   906  179.8    1.5  198.1    2.6  156.0    1.1   18.5    0.0    0.0    0.0    0.0    0.0   72.0  999.6 1010.1   13.4
202604201645   907  240.4    3.9  233.7    4.9  237.9    3.1   19.1    0.0    0.0    0.0    0.0    0.0   67.2 1005.3 1008.7   12.9
202604201645   908  255.4    2.7  266.7    5.2  267.1    3.4   19.9    0.0    0.0    0.0    0.0    0.0   70.6 1007.6 1009.0   14.4
202604201645   909  300.9    1.5  239.1    3.6  318.7    1.6   17.8    0.0    0.0    0.0    0.0    0.0   82.1  996.7 1009.5   14.7
202604201645   910  223.5    0.0  160.8    1.0  221.5    1.5   15.4    0.0    0.0    0.0    0.0    0.0   95.4  991.0 1007.3   14.7
202604201645   911  244.5    7.1  242.1    9.0  246.2    7.9   16.0    0.0    0.0    0.0    0.0    0.0   90.9 1001.4 1009.5   14.5
202604201645   912  267.5    4.7  269.9    6.0  271.5    4.6   16.5    0.0    0.0    0.0    0.0    0.0   78.5  994.6 1011.1   12.8
202604201645   913  218.4    2.1  223.5    2.8  238.5    2.8   19.5    0.0    0.0    0.0    0.0    0.0   66.3 1006.2 1008.5   13.1
202604201645   914  326.5    2.5  329.2    4.0  341.8    2.7   13.9    1.0    0.0    0.0    0.0    0.0   87.6  969.4 1010.7   11.9
202604201645   915  301.8    4.1  291.3    5.6  306.5    5.1   19.0    0.0    0.0    0.0    0.0    0.0   67.1  997.8 1007.7   12.8
202604201645   916  331.8    3.0  336.5    4.2  320.5    3.5   20.0    0.0    0.0    0.0    0.0    0.0   64.4 1001.5 1007.9   13.1
202604201645   917  271.8    2.1  280.2    2.8  273.9    2.3   20.3    0.0    0.0    0.0    0.0    0.0   58.3 1006.6 1009.6   11.9
202604201645   918  235.7    4.0  232.2    5.1  246.1    4.2   20.9    0.0    0.0    0.0    0.0    0.0   61.1 1008.0 1008.8   13.1
202604201645   919  290.3    0.8  295.5    1.5  280.0    1.1   20.8    0.0    0.0    0.0    0.0    0.0   64.2 1006.0 1009.5   13.8
202604201645   920  278.5    4.4  284.8    5.4  268.5    4.0   19.9    0.0    0.0    0.0    0.0    0.0   70.7 1007.7 1008.7   14.4
202604201645   921  196.4    1.7  151.6    2.7  190.4    1.8   17.9    0.0    0.0    0.0    0.0    0.0   84.4  999.1 1007.9   15.2
202604201645   922  234.5    0.6  244.8    1.2  140.1    0.8   19.3    0.0    0.0    0.0    0.0    0.0   69.4  991.8 1007.8   13.6
202604201645   923  256.3    2.6  261.9    4.7  234.4    2.7   20.6    1.0    0.0    0.0    0.0    0.0   68.6 1000.5 1008.1   14.6
202604201645   924  201.0    5.6  223.0    9.3  200.9    6.2   17.4    0.0    0.0    0.0    0.0    0.0   83.7 1005.0 1007.6   14.6
202604201645   925  206.5    2.9  206.6    3.9  191.4    2.2   20.0    0.0    0.0    0.0    0.0    0.0   73.0 1005.0 1006.0   15.0
202604201645   926  261.4    0.9  257.6    1.4  282.7    2.1   21.1    0.0    0.0    0.0    0.0    0.0   75.6 1007.3 1008.8   16.6
202604201645   927  222.7    1.1  220.4    1.5  236.6    1.1   20.9    0.0    0.0    0.0    0.0    0.0   57.3  992.7 1007.3   12.2
202604201645   929  302.5    4.2  291.7    5.0  275.0    3.3   20.1    0.0    0.0    0.0    0.0    0.0   63.3  993.8 1008.8   12.9
202604201645   930  275.0    2.8  301.5    3.9  270.4    4.0   19.9    0.0    0.0    0.0    0.0    0.0   69.7 1008.4 1009.2   14.2
202604201645   931  297.2    3.6  306.3    4.5  279.2    3.9   18.6    0.0    0.0    0.0    0.0    0.0   78.0 1000.9 1009.8   14.7
202604201645   932  325.7    5.5  329.2    7.5  322.4    5.0   20.0    0.0    0.0    0.0    0.0    0.0   67.0 1009.5 1010.0   13.7
202604201645   933  322.1    2.3  330.6    3.0  300.6    1.9   19.8    0.0    0.0    0.0    0.0    0.0   65.7 1006.2 1010.0   13.2
202604201645   934  202.0    1.2  201.0    1.7  249.9    0.9   20.7    0.0    0.0    0.0    0.0    0.0   59.8  998.8 1008.4   12.6
202604201645   935  242.3    3.5  258.9    4.7  245.5    4.0   20.3    0.0    0.0    0.0    0.0    0.0   60.2 1006.1 1008.8   12.3
202604201645   936  286.4    5.5  289.4    6.8  274.4    4.3   19.6    0.0    0.0    0.0    0.0    0.0   57.8 1002.0 1009.1   11.1
202604201645   937  188.3    1.0  181.4    2.3  220.8    0.8   18.4    0.0    0.0    0.0    0.0    0.0   84.1  997.5 1007.0   15.7
202604201645   938  303.3    1.3  234.8    2.8  283.1    1.8   19.6  -99.2    0.0    0.0    0.0    0.0   68.1  995.0 1008.2   13.6
202604201645   939  234.8    3.6  220.0    5.1  237.8    3.8   20.1    0.0    0.0    0.0    0.0    0.0   65.7 1002.2 1007.9   13.5
202604201645   940  192.8    3.0  227.8    5.0  214.2    2.3   20.3    0.0    0.0    0.0    0.0    0.0   65.0  999.6 1007.7   13.5
202604201645   941  180.3    2.1  184.9    2.6  227.6    2.1   20.6    0.0    0.0    0.0    0.0    0.0   66.3 1008.1 1008.9   14.1
202604201645   942  220.8    2.8  220.3    3.8  210.5    2.9   18.0    0.0    0.0    0.0    0.0    0.0   74.4  994.6 1009.1   13.4
202604201645   943  111.8    1.0  105.2    1.5  194.8    0.8   15.5    1.0    0.5    0.5    0.5    0.5   85.2  953.8 1006.6   13.0
202604201645   944  255.5    1.9  259.0    2.5  258.8    2.2   20.6    0.0    0.0    0.0    0.0    0.0   60.2 1006.9 1008.1   12.6
202604201645   945  289.1    3.1  295.7    4.4  253.9    3.5   16.7    0.0    0.0    0.0    0.0    0.0   67.8  983.4 1010.3   10.7
202604201645   946  119.0    2.7  118.5    3.3  117.2    2.4   15.5    0.0    0.0    0.0    0.0    0.0   75.5  972.4 1010.1   11.2
202604201645   947  216.1    0.5  194.7    1.3  256.8    1.1   17.7    0.0    0.0    0.0    0.0    0.0   74.1 1006.0 1009.6   13.0
202604201645   948   52.0    3.5   50.5    4.2   51.1    3.4   19.9    0.0    0.0    0.0    0.0    0.0   64.7  993.1 1009.3   13.1
202604201645   949  199.2    1.3  225.1    1.6   85.0    0.8   20.7    0.0    0.0    0.0    0.0    0.0   57.9 1007.0 1007.9   12.1
202604201645   950  108.8    2.1   95.4    2.8  168.8    2.3   18.1    0.0    0.0    0.0    0.0    0.0   82.1  992.1 1006.9   15.0
202604201645   951  310.2    2.8  323.0    5.3  303.7    3.0    9.6    0.0    0.0    0.0    2.0    2.0   90.1 1000.2 1013.0    8.1
202604201645   953  230.9    2.8  201.8    5.5  205.3    2.8   19.8    0.0    0.0    0.0    0.0    0.0   70.2 1004.6 1008.2   14.2
202604201645   954  248.0    3.4  285.0    6.1  209.2    2.3   19.8    0.0    0.0    0.0    0.0    0.0   76.2 1000.9 1007.2   15.5
202604201645   955  279.5    9.4  276.2   10.2  282.0    9.0    9.2  -99.7  -99.9  -99.9  -99.9  -99.7   68.5 1010.5 1012.7    3.7
202604201645   956  299.7   11.5  295.8   13.4  299.2   11.6    8.2  -99.7  -99.9  -99.9  -99.9  -99.7   63.6 1011.3 1013.3    1.7
202604201645   957  313.0   11.0  316.4   12.4  315.0   10.5    6.4    0.0  -99.9  -99.9  -99.9  -99.7   57.8 1003.1 1014.8   -1.3
202604201645   958   10.2    8.5    9.8    9.1   10.8    8.0    9.4  -99.7  -99.9  -99.9  -99.9  -99.7   70.8 1012.7 1014.5    4.4
202604201645   959  323.4   11.9  124.1   13.0  324.2   10.8   11.4  -99.7  -99.9  -99.9  -99.9  -99.7   84.9 1012.5 1014.0    9.0
202604201645   960   60.3    4.1   64.9    4.5   85.8    3.9   18.8  -99.7  -99.9  -99.9  -99.9  -99.7   76.2 1009.6 1011.7   14.5
202604201645   961  263.2    8.6  264.7    9.2  264.4    8.8   16.2  -99.7  -99.9  -99.9  -99.9  -99.7   84.3 1007.9 1011.1   13.6
202604201645   963  232.4    4.8  232.0    5.5  214.5    7.3   18.4  -99.7  -99.9  -99.9  -99.9  -99.7   79.3 1006.4 1008.3   14.8
202604201645   964  281.0    5.0  288.0    6.1  290.5    3.6   14.2    0.0    0.0    0.0    0.0    0.0   79.6 1006.5 1012.5   10.7
202604201645   965  342.6    1.4   88.7    2.7  336.7    2.6    8.3    0.0  -99.9  -99.9  -99.9  -99.2   98.7  -99.7  -99.9    8.1
202604201645   966  274.5   13.3  276.0   14.6  274.0   12.4    8.5    0.0    0.0    0.0    0.0    0.0   56.9 1006.3 1010.9    0.4
202604201645   967  289.8   10.8  283.1   12.6  288.0   11.1    9.0    0.0    0.0    0.0    0.0    0.0   58.5 1003.6 1012.1    1.3
202604201645   970  250.4    3.9  256.2    5.0  275.1    6.3   13.4    0.0    0.0    0.0    0.0    0.0   48.2  987.7 1008.9    2.7
202604201645   972  270.8    1.4  250.3    2.4  247.9    1.5   18.7    0.0    0.0    0.0    0.0    0.0   63.9  998.2 1008.5   11.7
202604201645   973  254.1    5.6  253.0    6.7  257.9    4.6   12.9    0.0    0.0    0.0    0.0    0.0   83.2 1007.4 1012.2   10.1
202604201645   974  312.8    3.7  306.2    4.9  312.1    3.3   20.4    0.0    0.0    0.0    0.0    0.0   62.9 1006.9 1008.9   13.1
202604201645   977  245.4    4.3  238.6    5.1  253.9    4.5   12.6    0.0    0.0    0.0    0.1    0.1   77.9 1006.0 1010.8    8.8
202604201645   978  188.8    3.9  193.2    5.6  185.1    4.0   13.9    0.0    0.0    0.0    2.3    2.3   83.1  991.7 1008.3   11.1
202604201645   980  118.2    7.6  118.2    7.6  275.1    4.4   20.7    0.0    0.0    0.0    0.0    0.0   60.3  994.7 1010.3   12.7
202604201645   984  244.2    8.8  238.9    9.7  243.8    8.9   16.8  -99.7  -99.9  -99.9  -99.9  -99.7   86.1 1004.4 1008.6   14.5
202604201645   989  317.2    6.4  314.3    9.1  313.7    6.1   13.9    0.0    0.0    0.0    0.0    0.0   92.5 1000.6 1011.4   12.7
202604201645   990   65.6    5.7  294.4    7.1   48.2    6.2   12.9    0.0    0.0    0.0    0.0    0.0   93.0 1004.7 1014.0   11.8
202604201645   991  279.8    0.3  309.8    0.6  277.9    1.4   21.3    0.0    0.0    0.0    0.0    0.0   65.7 1005.1 1008.3   14.6
202604201645   992  302.1    3.4  295.8    4.1  298.9    3.8   20.9    0.0    0.0    0.0    0.0    0.0   59.3 1004.0 1008.1   12.7
202604201645   993   39.3    5.4   22.6    7.5   35.8    6.2   11.5    0.0    0.0    0.0    1.5    1.5  100.0  980.5 1013.6   11.5
202604201645   994  316.8    7.3  315.0    7.7  319.1    7.9   10.7    0.0    0.0    0.0    0.0    0.0   75.3 1013.9 1014.3    6.5
202604201645   995  257.7    2.5  258.8    3.0  247.9    2.6   19.6    0.0    0.0    0.0    0.0    0.0   63.5  996.5 1005.8   12.5
202604201645   996  256.2    4.2  265.0    7.1  261.2    4.3   12.6    1.0    0.0    0.5    0.5    0.5   95.4  966.9 1009.1   11.9
#7777END
